num__Age,num__NumTransactions,num__TotalAmountSpent,num__AvgTransactionAmount,num__NumServiceInteractions,num__NumUnresolvedIssues,num__LoginFrequency,num__DaysSinceLastLogin,cat__Gender_M,cat__MaritalStatus_Married,cat__MaritalStatus_Single,cat__MaritalStatus_Widowed,cat__IncomeLevel_Low,cat__IncomeLevel_Medium,cat__ServiceUsage_Online Banking,cat__ServiceUsage_Website,ChurnStatus
1.2717683162210223,-1.5707524383770965,-1.1551566119465235,2.114853469622932,-0.007614532038280543,-0.7703975381852631,0.547218626653352,-1.0569875747230157,1.0,0.0,1.0,0.0,1.0,0.0,0.0,0.0,0
1.469991719190918,0.7314190743588007,0.3595975118001892,-0.351073926372457,-0.007614532038280543,-0.7703975381852631,-1.5137346425605713,-1.4929586183759553,1.0,1.0,0.0,0.0,1.0,0.0,0.0,1.0,1
-1.6355082606707805,0.3477238222361511,0.5679545587089351,0.4409147281845967,-0.007614532038280543,-0.7703975381852631,-1.6558693507822213,-1.29919371008576,1.0,0.0,1.0,0.0,1.0,0.0,0.0,1.0,0
-1.437284857700885,-0.035971429886498395,-0.48439854096792534,-0.8255100804055032,1.210710594086589,0.8643982988126429,-1.7269367048930462,-0.5047575860959589,1.0,0.0,0.0,1.0,1.0,0.0,0.0,1.0,0
-1.437284857700885,1.1151143264814503,0.9677788199118772,0.016421048134352037,-1.22593965816315,-0.7703975381852631,1.0446901054291267,-1.1151170472100744,1.0,0.0,0.0,0.0,0.0,1.0,0.0,1.0,0
0.9413959779378629,-0.035971429886498395,-0.1535667681056202,-0.2022148830959851,-0.007614532038280543,-0.7703975381852631,-1.7269367048930462,-0.7275872306296836,0.0,0.0,0.0,0.0,0.0,1.0,0.0,1.0,0
-1.0408380517610936,-1.5707524383770965,-1.596850513714954,-2.0459574052102614,-1.22593965816315,-0.7703975381852631,0.4050839184317021,1.723538859241288,0.0,1.0,0.0,0.0,0.0,0.0,0.0,0.0,0
-0.38009337519477476,0.7314190743588007,1.0285741809249138,0.5491892871851256,1.210710594086589,2.4991941358105487,-0.660926393230672,0.7062730907177622,1.0,0.0,1.0,0.0,1.0,0.0,1.0,0.0,1
-0.247944439881511,-0.035971429886498395,0.051294445089884164,0.18374868139183154,-0.007614532038280543,-0.7703975381852631,-0.16345491445489743,0.06684889336011746,1.0,0.0,0.0,0.0,0.0,0.0,0.0,1.0,0
1.6682151221608137,0.7314190743588007,0.1586071642871629,-0.6215530394675011,-1.22593965816315,-0.7703975381852631,0.1918818560992273,1.6654093867542292,1.0,1.0,0.0,0.0,0.0,0.0,1.0,0.0,1
0.7431725749679673,-0.035971429886498395,0.6092750453194699,1.2349978564815969,1.210710594086589,0.8643982988126429,0.26294921021005224,1.5782151780236413,1.0,0.0,0.0,0.0,0.0,1.0,1.0,0.0,0
-0.11579550456824722,-1.5707524383770965,-1.596354935755606,-2.0412889998862833,1.210710594086589,0.8643982988126429,1.1868248136507764,-1.7448529991532093,0.0,1.0,0.0,0.0,1.0,0.0,0.0,1.0,0
-1.2390614547309893,-0.8033619341317975,-1.1879451212569254,-1.4915106720030162,-0.007614532038280543,-0.7703975381852631,-1.1583978720064467,-0.01065706995596069,0.0,0.0,0.0,0.0,1.0,0.0,0.0,0.0,0
-0.04972103691161534,1.4988095786040998,2.0956874673910155,0.8462388564934765,1.210710594086589,0.8643982988126429,-0.021320206233247534,1.6944741229977587,1.0,0.0,0.0,1.0,0.0,1.0,1.0,0.0,0
-0.04972103691161534,1.1151143264814503,0.8506215115221369,-0.12153348351712458,1.210710594086589,2.4991941358105487,1.2578921677616015,0.1831078383342347,1.0,0.0,0.0,0.0,0.0,1.0,1.0,0.0,0
-0.842614648791198,1.4988095786040998,0.9922898379012706,-0.3086657398708531,1.210710594086589,-0.7703975381852631,1.0446901054291267,1.0744264164691335,0.0,0.0,1.0,0.0,0.0,1.0,1.0,0.0,1
-1.5694337930141486,0.7314190743588007,0.46386979324687133,-0.2107513956884024,1.210710594086589,0.8643982988126429,-1.3005325802280965,-0.5919517948265468,1.0,1.0,0.0,0.0,1.0,0.0,1.0,0.0,0
0.8753215102812311,-0.035971429886498395,-0.4387383987133665,-0.7394852493274404,-0.007614532038280543,0.8643982988126429,0.7604206889858268,-1.386387918816348,0.0,1.0,0.0,0.0,0.0,0.0,0.0,1.0,1
0.9413959779378629,-0.035971429886498395,-0.35049873395155023,-0.573239550547072,1.210710594086589,2.4991941358105487,0.9025553972074768,1.1422441343707017,0.0,0.0,0.0,0.0,0.0,0.0,1.0,0.0,0
-0.11579550456824722,1.4988095786040998,2.0049565188335556,0.7512725572002985,-0.007614532038280543,-0.7703975381852631,-0.731993747341497,-0.4078751319508612,1.0,0.0,1.0,0.0,1.0,0.0,0.0,1.0,0
1.4039172515342861,-0.035971429886498395,-0.4901177784987838,-0.8362852645857124,-1.22593965816315,-0.7703975381852631,-0.589859039119847,0.17341959291972492,1.0,0.0,0.0,0.0,0.0,0.0,0.0,1.0,0
-0.04972103691161534,0.3477238222361511,0.4068917219207076,0.18804277313577955,1.210710594086589,-0.7703975381852631,1.1157574595399515,0.5706376549146255,0.0,0.0,0.0,0.0,1.0,0.0,0.0,0.0,0
-0.5122423105080385,-0.4196666820091479,0.2836803260275762,1.5620259580821116,1.210710594086589,0.8643982988126429,-0.5187916850090222,-0.030033560784980227,0.0,0.0,0.0,0.0,1.0,0.0,0.0,0.0,0
0.8092470426245991,-0.035971429886498395,-0.18178792379067588,-0.2553842345425905,-0.007614532038280543,-0.7703975381852631,-1.0162631637847968,-0.8922874026763497,1.0,0.0,0.0,1.0,0.0,1.0,0.0,0.0,0
0.01635343074501654,-0.8033619341317975,-0.6886838122106734,0.07619030503559938,-0.007614532038280543,-0.7703975381852631,0.04974714787757741,1.345697288075407,0.0,1.0,0.0,0.0,1.0,0.0,0.0,0.0,0
-0.776540181134566,-0.8033619341317975,-0.9472013850048171,-0.7355654711635237,-0.007614532038280543,-0.7703975381852631,1.3289595218724264,-0.8438461756038008,1.0,0.0,1.0,0.0,0.0,1.0,0.0,0.0,1
-1.1069125194177254,1.1151143264814503,1.2478607309371266,0.34622180397795843,-0.007614532038280543,0.8643982988126429,-0.3055896226765473,-0.8632226664328203,1.0,0.0,0.0,1.0,0.0,1.0,0.0,0.0,0
-1.0408380517610936,0.3477238222361511,0.5669901907880409,0.43940065078222534,1.210710594086589,2.4991941358105487,1.1157574595399515,-1.1054288017955645,0.0,0.0,0.0,1.0,0.0,0.0,1.0,0.0,0
-0.3140189075381429,-0.8033619341317975,-0.5704148019121247,0.44755984567278156,1.210710594086589,0.8643982988126429,0.547218626653352,-0.5822635494120371,0.0,0.0,0.0,0.0,0.0,1.0,0.0,1.0,0
1.7342895898174455,-1.187057186254447,-0.7665163398261736,1.3178178903913074,1.210710594086589,0.8643982988126429,0.8314880430966518,-0.07847478785752907,1.0,0.0,0.0,0.0,0.0,0.0,0.0,1.0,0
-0.5783167781646704,-0.035971429886498395,-0.22821152398260916,-0.34284743915290605,1.210710594086589,-0.7703975381852631,-0.23452226856572236,-0.42725162277988077,1.0,0.0,0.0,0.0,1.0,0.0,1.0,0.0,0
1.7342895898174455,-0.035971429886498395,-0.07155531283291192,-0.04770328418399428,-1.22593965816315,-0.7703975381852631,1.5421615842049012,1.7332271046557977,0.0,1.0,0.0,0.0,0.0,0.0,0.0,0.0,0
-1.305135922387621,-1.187057186254447,-0.7901701418858833,1.2064070282001527,-0.007614532038280543,-0.7703975381852631,-0.16345491445489743,0.4446904645259984,1.0,0.0,0.0,0.0,0.0,0.0,0.0,0.0,1
-0.6443912458213022,1.4988095786040998,0.8136272865567247,-0.49566831829891544,1.210710594086589,0.8643982988126429,1.2578921677616015,0.8903497535934478,1.0,0.0,0.0,1.0,0.0,0.0,1.0,0.0,0
1.469991719190918,-0.8033619341317975,-0.6684990558664025,0.1395712674070869,-0.007614532038280543,0.8643982988126429,-0.5187916850090222,0.4059374828679594,1.0,1.0,0.0,0.0,1.0,0.0,0.0,0.0,0
-1.6355082606707805,0.3477238222361511,0.0570672586163481,-0.3611888045744091,-0.007614532038280543,-0.7703975381852631,-1.4426672884497465,1.384450269733446,0.0,0.0,0.0,1.0,1.0,0.0,1.0,0.0,0
-0.44616784285140665,1.4988095786040998,2.5287020578713983,1.2994667115051595,-0.007614532038280543,-0.7703975381852631,-1.6558693507822213,-0.5338223223394882,0.0,1.0,0.0,0.0,0.0,1.0,1.0,0.0,0
0.6770981073113354,-0.8033619341317975,-0.5412292783061746,0.5392035862218671,-0.007614532038280543,-0.7703975381852631,1.4710942300940764,-1.4154526550598772,0.0,1.0,0.0,0.0,1.0,0.0,1.0,0.0,0
-0.04972103691161534,-0.035971429886498395,-0.11653236114350375,-0.13244114947004104,-1.22593965816315,-0.7703975381852631,-0.021320206233247534,1.597591668852661,1.0,1.0,0.0,0.0,0.0,1.0,1.0,0.0,0
1.6021406545041816,0.7314190743588007,0.40102515040193487,-0.2953234334494274,-0.007614532038280543,-0.7703975381852631,-0.4477243308981972,-0.9891698568214473,0.0,0.0,0.0,1.0,1.0,0.0,0.0,1.0,0
1.7342895898174455,-1.187057186254447,-1.226519838092692,-0.848826872402021,-0.007614532038280543,0.8643982988126429,0.8314880430966518,-0.0009688245414509218,0.0,1.0,0.0,0.0,0.0,0.0,0.0,0.0,1
0.2806513013715441,-0.8033619341317975,-1.002317690483699,-0.9086329297956874,-1.22593965816315,-0.7703975381852631,-1.1583978720064467,-0.12691601493007793,1.0,0.0,0.0,1.0,0.0,1.0,0.0,0.0,0
-0.38009337519477476,0.7314190743588007,1.251919112604223,0.8497516762868088,1.210710594086589,0.8643982988126429,-0.09238756034407247,0.38656099203893984,1.0,0.0,1.0,0.0,1.0,0.0,0.0,0.0,0
-0.38009337519477476,-0.8033619341317975,-0.7917506337562377,-0.24744373972126582,-0.007614532038280543,0.8643982988126429,0.618285980764177,-1.2798172192567403,0.0,0.0,0.0,1.0,1.0,0.0,0.0,0.0,0
-0.7104657134779342,-1.5707524383770965,-1.3106341511929056,0.6502359290624292,-0.007614532038280543,0.8643982988126429,1.6132289383157261,-0.5822635494120371,0.0,0.0,0.0,1.0,1.0,0.0,1.0,0.0,0
0.9413959779378629,-1.5707524383770965,-1.532639682982084,-1.4410834829629278,-1.22593965816315,-0.7703975381852631,-0.16345491445489743,-0.2625514507332147,0.0,1.0,0.0,0.0,0.0,0.0,1.0,0.0,1
0.47887470434143975,0.7314190743588007,0.2510391507050887,-0.49716437097030663,-1.22593965816315,-0.7703975381852631,-0.37665697678737226,0.7353378269612915,0.0,1.0,0.0,0.0,0.0,1.0,0.0,1.0,0
-1.5694337930141486,0.7314190743588007,0.4263933843210118,-0.261184592972151,-1.22593965816315,-0.7703975381852631,0.547218626653352,0.21217257457776398,1.0,0.0,0.0,0.0,0.0,1.0,0.0,1.0,0
-1.0408380517610936,-0.8033619341317975,-0.8538184246648984,-0.44233914757094867,-1.22593965816315,-0.7703975381852631,-0.589859039119847,1.3069443064173678,0.0,0.0,1.0,0.0,0.0,1.0,1.0,0.0,0
0.47887470434143975,-0.4196666820091479,0.3156651954038993,1.6373513088500833,1.210710594086589,2.4991941358105487,-0.5187916850090222,-0.10753952410105838,0.0,0.0,1.0,0.0,1.0,0.0,1.0,0.0,0
0.41280023668480786,-0.8033619341317975,-0.9765342425986814,-0.8276718464744445,-1.22593965816315,-0.7703975381852631,-1.6558693507822213,-1.1538700288681134,1.0,0.0,0.0,0.0,0.0,1.0,0.0,0.0,1
-0.9747635841044617,-1.5707524383770965,-1.175582460271018,1.9224394664049127,-1.22593965816315,-0.7703975381852631,-1.4426672884497465,1.3360090426608973,1.0,0.0,0.0,1.0,0.0,1.0,0.0,0.0,0
-0.11579550456824722,0.7314190743588007,-0.03161440810921185,-0.8775402688541342,-1.22593965816315,-0.7703975381852631,-0.4477243308981972,-0.87291091184733,0.0,0.0,0.0,1.0,1.0,0.0,0.0,0.0,0
0.6770981073113354,-1.187057186254447,-1.0952720428587759,-0.23064168632550605,1.210710594086589,-0.7703975381852631,-0.3055896226765473,1.597591668852661,0.0,1.0,0.0,0.0,1.0,0.0,1.0,0.0,0
-0.9086891164478298,-0.035971429886498395,-0.2003654002667901,-0.29038465716074074,-1.22593965816315,-0.7703975381852631,0.4761512725425271,-0.4369398681943905,0.0,0.0,1.0,0.0,1.0,0.0,0.0,1.0,0
1.6682151221608137,-0.035971429886498395,0.2203534992221925,0.5022600976040075,-1.22593965816315,-0.7703975381852631,-0.8741284555631469,-0.45631635902341006,0.0,1.0,0.0,0.0,1.0,0.0,0.0,0.0,0
0.21457683371491218,-0.8033619341317975,-0.9123903818603178,-0.6262574942534402,-0.007614532038280543,0.8643982988126429,1.2578921677616015,-0.1559807511736072,0.0,0.0,0.0,0.0,0.0,0.0,1.0,0.0,0
0.6110236396547035,0.3477238222361511,1.2548523983636095,1.519358415729176,1.210710594086589,2.4991941358105487,-1.2294652261172716,0.7547143177903111,1.0,0.0,1.0,0.0,0.0,0.0,1.0,0.0,0
-1.6355082606707805,-0.8033619341317975,-1.3212288043238403,-1.910026900641816,-1.22593965816315,-0.7703975381852631,1.3289595218724264,-1.551088090863014,1.0,1.0,0.0,0.0,0.0,1.0,1.0,0.0,0
-1.6355082606707805,-0.4196666820091479,-0.6668248060037388,-0.6764428514862054,1.210710594086589,0.8643982988126429,-0.09238756034407247,1.2003736068577604,0.0,0.0,1.0,0.0,0.0,0.0,0.0,0.0,0
0.7431725749679673,-0.8033619341317975,-0.803604322783895,-0.2846648091962264,-0.007614532038280543,-0.7703975381852631,1.4710942300940764,-1.7061000174951702,1.0,0.0,1.0,0.0,1.0,0.0,0.0,1.0,1
-1.305135922387621,-0.4196666820091479,-0.587920758476134,-0.4906213936243447,1.210710594086589,-0.7703975381852631,-0.731993747341497,-0.5241340769249785,0.0,1.0,0.0,0.0,0.0,0.0,0.0,0.0,0
0.8753215102812311,1.4988095786040998,1.2405074255403088,-0.048861273012103655,-1.22593965816315,-0.7703975381852631,-1.3715999343389216,0.37687274662443004,1.0,1.0,0.0,0.0,1.0,0.0,0.0,0.0,0
1.0074704455944947,-0.8033619341317975,-0.4202144982328578,0.9191949565114418,-1.22593965816315,-0.7703975381852631,-1.0873305178956216,0.2993667833083519,0.0,0.0,1.0,0.0,0.0,0.0,1.0,0.0,0
-0.5122423105080385,-0.035971429886498395,0.10841985040396217,0.2913743500770577,-1.22593965816315,-0.7703975381852631,0.04974714787757741,-0.8050931939457617,0.0,0.0,0.0,0.0,1.0,0.0,0.0,0.0,0
-0.6443912458213022,1.1151143264814503,0.17434511299619967,-0.9178593389663877,-1.22593965816315,-0.7703975381852631,0.9736227513183017,-0.42725162277988077,1.0,0.0,0.0,1.0,0.0,1.0,1.0,0.0,0
-1.371210390044253,-0.4196666820091479,-0.7730793992878144,-0.9266756855072787,1.210710594086589,-0.7703975381852631,-0.660926393230672,-0.18504548741713653,0.0,0.0,1.0,0.0,0.0,1.0,1.0,0.0,0
1.0735449132511268,-0.4196666820091479,-0.525665451582855,-0.34400823182805756,1.210710594086589,2.4991941358105487,-1.5137346425605713,-0.20442197824615607,0.0,0.0,0.0,0.0,0.0,0.0,0.0,1.0,1
1.1396193809077586,-0.4196666820091479,-0.3220096982884683,0.13560732865226763,-0.007614532038280543,-0.7703975381852631,0.1918818560992273,-1.2798172192567403,0.0,0.0,1.0,0.0,1.0,0.0,0.0,0.0,0
0.41280023668480786,0.7314190743588007,1.5738438761971583,1.282976085405787,-1.22593965816315,-0.7703975381852631,-1.1583978720064467,1.0744264164691335,0.0,1.0,0.0,0.0,0.0,1.0,0.0,0.0,0
-1.5694337930141486,-0.8033619341317975,-1.0773508723288259,-1.1442401966869098,1.210710594086589,0.8643982988126429,1.4710942300940764,-0.42725162277988077,0.0,0.0,0.0,0.0,1.0,0.0,1.0,0.0,1
-1.5694337930141486,0.3477238222361511,-0.265929024888692,-0.8682995901047406,1.210710594086589,0.8643982988126429,-0.09238756034407247,0.6772083544742329,0.0,0.0,0.0,0.0,0.0,0.0,1.0,0.0,1
0.9413959779378629,1.4988095786040998,1.3062853541446313,0.01998719109016844,-0.007614532038280543,-0.7703975381852631,-0.16345491445489743,-1.1151170472100744,1.0,0.0,1.0,0.0,1.0,0.0,1.0,0.0,1
1.0735449132511268,1.1151143264814503,1.0780114308696411,0.14622164210847477,-0.007614532038280543,-0.7703975381852631,1.2578921677616015,1.3069443064173678,1.0,0.0,0.0,1.0,1.0,0.0,0.0,0.0,0
0.6770981073113354,-0.4196666820091479,-0.6817189327819932,-0.7115189779744739,-0.007614532038280543,-0.7703975381852631,-1.0162631637847968,0.16373134750521515,0.0,0.0,1.0,0.0,0.0,0.0,0.0,0.0,1
0.8753215102812311,-0.4196666820091479,-0.5290943153015898,-0.35208331130737097,1.210710594086589,0.8643982988126429,-1.5137346425605713,0.5415729186710961,0.0,0.0,0.0,1.0,0.0,1.0,0.0,1.0,1
-0.9086891164478298,1.1151143264814503,0.6939653003724396,-0.30599858037269456,-1.22593965816315,-0.7703975381852631,0.1918818560992273,-0.9988581022359571,1.0,0.0,0.0,0.0,0.0,0.0,1.0,0.0,0
1.4039172515342861,-0.8033619341317975,-0.6188742899370566,0.2953950667344667,-0.007614532038280543,0.8643982988126429,0.618285980764177,-0.921352138919879,1.0,0.0,0.0,1.0,1.0,0.0,0.0,0.0,0
-0.44616784285140665,-0.8033619341317975,-0.46560676050939037,0.7766613921604324,-0.007614532038280543,-0.7703975381852631,-0.23452226856572236,0.7256495815467817,1.0,1.0,0.0,0.0,0.0,0.0,1.0,0.0,1
0.1485023660582803,-1.5707524383770965,-1.5645843703617035,-1.7420063666842234,-1.22593965816315,-0.7703975381852631,0.4050839184317021,0.2412373108212933,1.0,0.0,0.0,1.0,0.0,0.0,0.0,0.0,0
-1.6355082606707805,1.1151143264814503,1.209245832104656,0.3007521669879955,-1.22593965816315,-0.7703975381852631,0.9736227513183017,-1.4735821275469358,0.0,0.0,0.0,1.0,1.0,0.0,0.0,1.0,1
-0.7104657134779342,-1.5707524383770965,-1.4017669197174047,-0.20824595808209753,-1.22593965816315,-0.7703975381852631,-0.5187916850090222,0.5512611640856059,0.0,0.0,0.0,0.0,0.0,0.0,0.0,0.0,0
0.6770981073113354,0.3477238222361511,0.18882402580851346,-0.154327979475431,1.210710594086589,2.4991941358105487,-0.09238756034407247,-1.7448529991532093,1.0,0.0,0.0,1.0,0.0,1.0,0.0,0.0,0
-0.842614648791198,-0.035971429886498395,0.357575017966092,0.7607888140589069,-1.22593965816315,-0.7703975381852631,1.3289595218724264,-1.4445173913034064,1.0,0.0,0.0,0.0,0.0,1.0,1.0,0.0,0
1.1396193809077586,1.4988095786040998,0.5506763001262478,-0.7708939438855208,-1.22593965816315,-0.7703975381852631,0.7604206889858268,-0.34005741404929285,1.0,1.0,0.0,0.0,0.0,0.0,0.0,0.0,0
-0.3140189075381429,0.7314190743588007,0.5300227538204308,-0.12172724937516648,-1.22593965816315,-0.7703975381852631,-1.798004059003871,-1.0279228384794865,1.0,1.0,0.0,0.0,1.0,0.0,0.0,1.0,0
-0.9086891164478298,-0.035971429886498395,0.17800167469625677,0.42246821849903987,1.210710594086589,0.8643982988126429,1.1868248136507764,-1.3670114279873282,0.0,0.0,1.0,0.0,0.0,0.0,0.0,1.0,0
-1.371210390044253,-1.187057186254447,-1.1138495193348898,-0.31814274287088073,-1.22593965816315,-0.7703975381852631,-0.9451958096739718,1.4135150059769752,1.0,0.0,1.0,0.0,0.0,0.0,1.0,0.0,0
-1.2390614547309893,0.7314190743588007,0.9014785253504031,0.37815261491011026,-1.22593965816315,-0.7703975381852631,-1.0162631637847968,-0.6210165310700761,1.0,0.0,1.0,0.0,0.0,1.0,0.0,0.0,0
-1.371210390044253,0.3477238222361511,-0.06560837732073115,-0.5537920674677249,-0.007614532038280543,-0.7703975381852631,1.4710942300940764,0.33811976496639096,1.0,1.0,0.0,0.0,0.0,1.0,1.0,0.0,0
1.469991719190918,1.4988095786040998,0.7042518915286442,-0.6101493930004344,1.210710594086589,0.8643982988126429,1.1868248136507764,1.4619562330495242,0.0,0.0,0.0,1.0,1.0,0.0,0.0,0.0,0
-1.437284857700885,1.1151143264814503,1.3210991169294786,0.4324611293546908,1.210710594086589,0.8643982988126429,0.7604206889858268,0.028095911702078383,0.0,0.0,0.0,0.0,1.0,0.0,0.0,0.0,0
-0.842614648791198,-0.035971429886498395,-0.5771118013627785,-1.0001841433924052,1.210710594086589,-0.7703975381852631,1.1157574595399515,-1.0085463476504668,0.0,1.0,0.0,0.0,1.0,0.0,0.0,0.0,0
0.7431725749679673,-0.8033619341317975,-0.22144755453744844,1.5433313079333888,-1.22593965816315,-0.7703975381852631,1.0446901054291267,0.06684889336011746,1.0,0.0,0.0,1.0,0.0,0.0,0.0,1.0,0
1.0074704455944947,-0.8033619341317975,-0.8058813025971175,-0.29181461915186896,-0.007614532038280543,-0.7703975381852631,-1.0162631637847968,0.13466661126168583,0.0,0.0,1.0,0.0,0.0,0.0,1.0,0.0,0
-0.7104657134779342,-1.5707524383770965,-1.4962481879672307,-1.0982711244426926,1.210710594086589,2.4991941358105487,0.6893533348750019,1.2294383431012896,0.0,0.0,0.0,0.0,0.0,0.0,0.0,0.0,0
-0.6443912458213022,-1.187057186254447,-0.9714579170150858,0.3525304598211722,1.210710594086589,-0.7703975381852631,0.8314880430966518,-1.638282299593602,1.0,0.0,1.0,0.0,0.0,0.0,0.0,1.0,0
-0.3140189075381429,-0.035971429886498395,-0.5159146203827027,-0.8848871492018308,-0.007614532038280543,-0.7703975381852631,-1.2294652261172716,0.4059374828679594,0.0,0.0,0.0,0.0,1.0,0.0,0.0,0.0,0
0.6770981073113354,-0.035971429886498395,-0.5212856139421272,-0.8950062331743459,-1.22593965816315,-0.7703975381852631,-0.8741284555631469,1.3941385151479557,1.0,0.0,0.0,1.0,1.0,0.0,1.0,0.0,0
-0.11579550456824722,-0.4196666820091479,-0.22821152398260916,0.35650491300239684,1.210710594086589,-0.7703975381852631,1.3289595218724264,0.30905502872286167,0.0,1.0,0.0,0.0,1.0,0.0,1.0,0.0,1
-0.6443912458213022,-1.5707524383770965,-1.0535631302801032,3.0718765610384575,1.210710594086589,0.8643982988126429,0.618285980764177,1.6460328959252097,0.0,0.0,1.0,0.0,0.0,0.0,1.0,0.0,0
-0.776540181134566,0.3477238222361511,1.0059115347839007,1.1285161573892735,1.210710594086589,0.8643982988126429,0.4050839184317021,1.6557211413397195,1.0,1.0,0.0,0.0,0.0,0.0,1.0,0.0,0
-0.247944439881511,1.4988095786040998,1.3645626433642224,0.08098488347644213,1.210710594086589,-0.7703975381852631,1.4000268759832513,0.6578318636452134,1.0,0.0,0.0,1.0,1.0,0.0,0.0,0.0,0
1.5360661868475498,1.4988095786040998,1.8589485368103984,0.5984488742072481,1.210710594086589,0.8643982988126429,-1.6558693507822213,0.9969204531530552,0.0,0.0,0.0,1.0,0.0,1.0,1.0,0.0,1
1.6021406545041816,1.1151143264814503,0.7830889690617424,-0.20105409042083394,1.210710594086589,2.4991941358105487,0.26294921021005224,-1.677035281251641,0.0,0.0,0.0,1.0,1.0,0.0,0.0,1.0,0
-1.305135922387621,-0.8033619341317975,-0.5409346103303458,0.5401288557455384,1.210710594086589,0.8643982988126429,1.6132289383157261,-0.1559807511736072,1.0,1.0,0.0,0.0,0.0,0.0,0.0,0.0,0
1.0735449132511268,0.3477238222361511,0.3533559083121799,0.10399044845136146,-1.22593965816315,-0.7703975381852631,-1.3715999343389216,1.5297739509510926,0.0,1.0,0.0,0.0,0.0,0.0,1.0,0.0,1
0.6770981073113354,-1.187057186254447,-1.050937906495447,-0.021825177915131652,1.210710594086589,2.4991941358105487,-1.798004059003871,0.9872322077385455,1.0,0.0,0.0,0.0,1.0,0.0,0.0,0.0,1
-1.6355082606707805,0.3477238222361511,-0.005683626236279589,-0.45970897999259713,1.210710594086589,2.4991941358105487,-0.4477243308981972,0.6481436182307035,1.0,1.0,0.0,0.0,0.0,1.0,0.0,0.0,0
0.41280023668480786,-0.8033619341317975,-0.7446305456214365,-0.0994847313450925,1.210710594086589,-0.7703975381852631,-0.09238756034407247,-0.9504168751634082,1.0,1.0,0.0,0.0,0.0,1.0,0.0,1.0,1
-1.305135922387621,-1.187057186254447,-0.8917234415555997,0.7280847421676869,-0.007614532038280543,0.8643982988126429,0.4761512725425271,0.16373134750521515,0.0,0.0,0.0,1.0,0.0,0.0,0.0,1.0,1
0.346725769028176,-0.8033619341317975,-0.708239050606583,0.014786054828318835,-0.007614532038280543,-0.7703975381852631,0.618285980764177,-1.0085463476504668,0.0,0.0,0.0,0.0,0.0,0.0,0.0,1.0,0
-1.6355082606707805,0.7314190743588007,0.7434561263127725,0.16549683880086527,-0.007614532038280543,0.8643982988126429,1.2578921677616015,0.8031555448628599,0.0,1.0,0.0,0.0,0.0,0.0,1.0,0.0,0
1.6021406545041816,1.1151143264814503,1.1442983314322142,0.2242754865286372,-1.22593965816315,-0.7703975381852631,-0.16345491445489743,-0.2819279415622342,0.0,1.0,0.0,0.0,1.0,0.0,0.0,1.0,0
1.6682151221608137,-0.035971429886498395,-0.8375581099987106,-1.4908713948775705,-1.22593965816315,-0.7703975381852631,-0.8741284555631469,-0.7663402122877226,0.0,0.0,0.0,1.0,0.0,0.0,0.0,0.0,0
0.7431725749679673,0.7314190743588007,0.30181580053994705,-0.4288326158228113,-0.007614532038280543,-0.7703975381852631,0.9025553972074768,-0.45631635902341006,1.0,1.0,0.0,0.0,0.0,0.0,0.0,0.0,0
0.6110236396547035,-1.187057186254447,-1.1123226034601408,-0.3109508752096171,-1.22593965816315,-0.7703975381852631,1.2578921677616015,-1.6867235266661507,0.0,0.0,0.0,1.0,0.0,0.0,1.0,0.0,0
1.5360661868475498,0.3477238222361511,0.4640305212336872,0.2777518592262792,-0.007614532038280543,0.8643982988126429,0.547218626653352,-0.8632226664328203,1.0,0.0,0.0,0.0,0.0,1.0,1.0,0.0,0
0.2806513013715441,1.1151143264814503,0.9822979147208951,0.033517505469461514,1.210710594086589,-0.7703975381852631,-0.589859039119847,0.9387909806659966,1.0,0.0,0.0,1.0,0.0,1.0,0.0,0.0,1
-1.437284857700885,0.3477238222361511,-0.14753946860003167,-0.6824255601108534,1.210710594086589,0.8643982988126429,-1.7269367048930462,1.2681913247593288,0.0,0.0,0.0,1.0,0.0,0.0,1.0,0.0,0
0.6110236396547035,-0.035971429886498395,-0.27582719007675865,-0.4325565252434054,1.210710594086589,0.8643982988126429,0.8314880430966518,-0.6500812673136054,1.0,0.0,0.0,0.0,0.0,1.0,0.0,0.0,0
1.1396193809077586,1.4988095786040998,2.071484511376352,0.8209060984741714,-0.007614532038280543,-0.7703975381852631,-0.660926393230672,0.19279608374874446,0.0,0.0,1.0,0.0,0.0,1.0,0.0,0.0,1
-0.776540181134566,-0.8033619341317975,-0.4558827173070407,0.8071952864415871,1.210710594086589,-0.7703975381852631,-0.23452226856572236,1.0744264164691335,1.0,0.0,0.0,1.0,0.0,1.0,0.0,0.0,1
1.5360661868475498,0.7314190743588007,1.346011954885911,0.9763754114255989,1.210710594086589,-0.7703975381852631,0.4761512725425271,1.3069443064173678,1.0,1.0,0.0,0.0,0.0,1.0,0.0,1.0,0
0.9413959779378629,-1.187057186254447,-0.7153110820264734,1.5589978032773688,-1.22593965816315,-0.7703975381852631,0.12081450198840235,0.12497836584717607,1.0,0.0,0.0,1.0,1.0,0.0,1.0,0.0,0
-0.247944439881511,1.4988095786040998,1.39843606658563,0.11643952931530341,-1.22593965816315,-0.7703975381852631,-0.8030611014523219,0.4931316915985473,0.0,0.0,0.0,0.0,0.0,1.0,0.0,1.0,0
-1.0408380517610936,1.1151143264814503,0.9338652146937656,-0.023512743353190868,-0.007614532038280543,-0.7703975381852631,-1.0873305178956216,1.6169681596816805,0.0,1.0,0.0,0.0,0.0,1.0,0.0,1.0,0
-1.6355082606707805,-1.187057186254447,-0.8689268554255737,0.8354580646191848,1.210710594086589,0.8643982988126429,-0.23452226856572236,-0.030033560784980227,0.0,0.0,0.0,0.0,0.0,1.0,0.0,1.0,1
-0.9747635841044617,-1.187057186254447,-1.3868058229446438,-1.60378371715941,-0.007614532038280543,-0.7703975381852631,-0.9451958096739718,1.0162969439820748,0.0,0.0,0.0,1.0,0.0,1.0,0.0,1.0,0
1.6682151221608137,-1.187057186254447,-0.9733598648590714,0.34357216852380895,-0.007614532038280543,0.8643982988126429,1.4710942300940764,1.2488148339303093,1.0,0.0,0.0,0.0,1.0,0.0,0.0,0.0,0
1.2056938485643904,1.1151143264814503,1.9391250142336272,1.1601961241486118,-0.007614532038280543,-0.7703975381852631,-1.0873305178956216,-0.795404948531252,0.0,0.0,0.0,0.0,1.0,0.0,0.0,1.0,0
-0.11579550456824722,1.4988095786040998,0.8049747632664797,-0.5047247442427292,-1.22593965816315,-0.7703975381852631,0.6893533348750019,0.1831078383342347,0.0,0.0,1.0,0.0,0.0,0.0,0.0,1.0,0
-1.5033593253575168,-0.4196666820091479,-0.5125527266584745,-0.31312736147552606,-0.007614532038280543,-0.7703975381852631,0.8314880430966518,0.7934672994483501,1.0,0.0,0.0,1.0,0.0,1.0,0.0,0.0,0
0.6110236396547035,0.3477238222361511,0.38994831331055296,0.16144127433022806,-0.007614532038280543,0.8643982988126429,0.04974714787757741,1.7429153500703074,1.0,0.0,0.0,1.0,0.0,1.0,0.0,0.0,0
0.6770981073113354,-1.187057186254447,-1.121336764720721,-0.35340812903444574,-1.22593965816315,-0.7703975381852631,-0.589859039119847,0.1443548566761956,0.0,0.0,0.0,1.0,0.0,0.0,0.0,0.0,0
0.346725769028176,-1.187057186254447,-1.150656228315684,-0.49150460544239455,-1.22593965816315,-0.7703975381852631,0.9736227513183017,-1.2216877467696818,1.0,0.0,0.0,1.0,1.0,0.0,0.0,0.0,0
-1.437284857700885,-1.5707524383770965,-1.1351057955912656,2.303734625568752,-1.22593965816315,-0.7703975381852631,0.8314880430966518,0.1443548566761956,0.0,1.0,0.0,0.0,0.0,0.0,1.0,0.0,1
-0.44616784285140665,1.1151143264814503,2.0435312356693225,1.28313605489324,-0.007614532038280543,0.8643982988126429,0.547218626653352,1.0259851893965846,1.0,0.0,0.0,0.0,1.0,0.0,1.0,0.0,0
1.4039172515342861,0.7314190743588007,1.026712415077632,0.5466838495788207,1.210710594086589,0.8643982988126429,-0.3055896226765473,0.2993667833083519,0.0,0.0,0.0,1.0,0.0,0.0,0.0,1.0,0
0.6770981073113354,-0.8033619341317975,-0.34116311671733857,1.1674195350890921,-0.007614532038280543,-0.7703975381852631,-0.589859039119847,-1.0569875747230157,1.0,1.0,0.0,0.0,0.0,0.0,0.0,0.0,0
-0.3140189075381429,0.7314190743588007,1.613717810926352,1.336635709535065,1.210710594086589,-0.7703975381852631,1.0446901054291267,0.05716064794560769,0.0,0.0,0.0,1.0,0.0,1.0,1.0,0.0,0
-0.5122423105080385,-0.035971429886498395,0.15141458687716072,0.3723774911039231,-0.007614532038280543,0.8643982988126429,-0.589859039119847,0.6578318636452134,1.0,0.0,0.0,0.0,0.0,0.0,0.0,0.0,0
1.6682151221608137,-1.187057186254447,-1.2532408659008014,-0.9746845564741354,-0.007614532038280543,-0.7703975381852631,-0.9451958096739718,-1.6867235266661507,0.0,0.0,0.0,1.0,1.0,0.0,0.0,1.0,0
0.1485023660582803,-1.5707524383770965,-1.1506696223145854,2.1571214637724645,-0.007614532038280543,-0.7703975381852631,0.9025553972074768,1.3166325518318776,0.0,1.0,0.0,0.0,1.0,0.0,1.0,0.0,1
-0.7104657134779342,-0.035971429886498395,0.6559799194883307,1.3229909881827429,1.210710594086589,2.4991941358105487,-0.731993747341497,-0.960105120577918,0.0,1.0,0.0,0.0,0.0,0.0,1.0,0.0,0
1.0735449132511268,-0.035971429886498395,0.1269571448833725,0.32629906882508936,-1.22593965816315,-0.7703975381852631,-1.3005325802280965,-1.5607763362775238,0.0,0.0,0.0,0.0,1.0,0.0,0.0,0.0,0
-1.5694337930141486,1.1151143264814503,1.3144824814722322,0.42466993938832176,1.210710594086589,0.8643982988126429,0.547218626653352,-0.5822635494120371,0.0,0.0,0.0,1.0,0.0,0.0,0.0,0.0,0
0.7431725749679673,-1.5707524383770965,-1.695550891618692,-2.9757271033831034,1.210710594086589,0.8643982988126429,0.1918818560992273,1.132555888956192,0.0,1.0,0.0,0.0,0.0,1.0,0.0,1.0,0
-0.9747635841044617,-1.5707524383770965,-1.117198019060217,2.472428082816287,-0.007614532038280543,-0.7703975381852631,-1.4426672884497465,1.3263207972463873,1.0,0.0,1.0,0.0,0.0,1.0,1.0,0.0,0
-0.1818699722248791,1.1151143264814503,-0.1147643532885312,-1.2582901799058093,-1.22593965816315,-0.7703975381852631,0.8314880430966518,0.04747240253109792,0.0,0.0,0.0,1.0,0.0,1.0,0.0,0.0,0
1.2056938485643904,-1.5707524383770965,-1.2653892229042876,1.0764487178299493,1.210710594086589,0.8643982988126429,0.6893533348750019,0.30905502872286167,1.0,0.0,1.0,0.0,0.0,1.0,0.0,0.0,0
1.0074704455944947,0.7314190743588007,0.2275058946354908,-0.5288338233032396,-1.22593965816315,-0.7703975381852631,1.5421615842049012,-0.8535344210183106,0.0,1.0,0.0,0.0,0.0,0.0,0.0,0.0,0
-0.9086891164478298,-0.035971429886498395,0.611056447173344,1.2383540613901876,-0.007614532038280543,0.8643982988126429,1.1157574595399515,1.5394621963656023,1.0,1.0,0.0,0.0,1.0,0.0,1.0,0.0,0
-1.5033593253575168,0.7314190743588007,0.635688011152849,0.020469853330871465,-1.22593965816315,-0.7703975381852631,-0.021320206233247534,0.7353378269612915,0.0,0.0,0.0,0.0,0.0,0.0,0.0,0.0,0
1.7342895898174455,1.1151143264814503,0.8091804789214903,-0.170330936464383,1.210710594086589,-0.7703975381852631,-0.589859039119847,0.841908526520899,1.0,0.0,0.0,0.0,1.0,0.0,0.0,1.0,0
-0.5783167781646704,0.7314190743588007,-0.7715256954152626,-1.8732624576850303,-1.22593965816315,-0.7703975381852631,-1.0873305178956216,0.037784157116588155,0.0,0.0,0.0,1.0,0.0,0.0,0.0,0.0,0
0.47887470434143975,0.7314190743588007,1.518526660734757,1.208533946455865,-1.22593965816315,-0.7703975381852631,0.04974714787757741,0.20248432916325423,1.0,1.0,0.0,0.0,1.0,0.0,0.0,0.0,0
-1.6355082606707805,0.7314190743588007,0.2576289981645323,-0.48829620332784585,-1.22593965816315,-0.7703975381852631,0.26294921021005224,-0.8825991572618399,0.0,1.0,0.0,0.0,1.0,0.0,1.0,0.0,0
0.8753215102812311,-1.5707524383770965,-1.6785271190151296,-2.81536107184861,1.210710594086589,2.4991941358105487,-0.589859039119847,0.5221964278420765,1.0,1.0,0.0,0.0,0.0,0.0,0.0,1.0,0
-0.38009337519477476,1.1151143264814503,1.0369454302382313,0.09786579507024165,1.210710594086589,0.8643982988126429,1.1868248136507764,0.6093906365726645,1.0,1.0,0.0,0.0,0.0,1.0,1.0,0.0,1
1.4039172515342861,0.3477238222361511,0.9441384118510686,1.0315310882262676,-0.007614532038280543,0.8643982988126429,-1.5848019966713962,-0.1947337328316463,1.0,0.0,1.0,0.0,0.0,0.0,0.0,0.0,0
1.1396193809077586,-0.8033619341317975,-1.1425930409770968,-1.349103280768871,1.210710594086589,0.8643982988126429,-1.4426672884497465,0.22186081999227375,0.0,1.0,0.0,0.0,0.0,1.0,0.0,0.0,0
1.7342895898174455,-0.8033619341317975,-0.2867165111835218,1.3383841084401848,1.210710594086589,0.8643982988126429,-0.3055896226765473,1.6654093867542292,1.0,0.0,0.0,0.0,0.0,0.0,0.0,0.0,0
1.0074704455944947,-0.035971429886498395,-0.4332334651649291,-0.729113819121197,-0.007614532038280543,-0.7703975381852631,-1.7269367048930462,-1.3960761642308577,0.0,0.0,0.0,1.0,1.0,0.0,0.0,1.0,1
-0.776540181134566,-1.5707524383770965,-1.4701298901096802,-0.8522335465573565,-1.22593965816315,-0.7703975381852631,1.4710942300940764,1.2100618522722701,0.0,0.0,0.0,1.0,0.0,1.0,0.0,0.0,0
0.346725769028176,-0.035971429886498395,-0.05015170258862187,-0.007378356034171687,-0.007614532038280543,-0.7703975381852631,1.5421615842049012,-0.29161618697674396,0.0,0.0,0.0,1.0,1.0,0.0,1.0,0.0,0
-0.04972103691161534,1.1151143264814503,1.443078264923689,0.5760934512650593,-0.007614532038280543,-0.7703975381852631,0.9736227513183017,1.1906853614432507,0.0,0.0,1.0,0.0,1.0,0.0,0.0,1.0,0
-1.5033593253575168,-0.4196666820091479,-0.2036067480009064,0.4144499169223154,1.210710594086589,0.8643982988126429,0.4050839184317021,-0.543510567753998,1.0,1.0,0.0,0.0,1.0,0.0,0.0,1.0,1
-1.437284857700885,1.4988095786040998,1.1864492459746299,-0.10544290630812779,-0.007614532038280543,0.8643982988126429,0.9025553972074768,0.15404310209070537,0.0,0.0,0.0,1.0,0.0,0.0,0.0,0.0,0
0.346725769028176,0.7314190743588007,0.22687637668712932,-0.5296809856593284,-0.007614532038280543,0.8643982988126429,-0.37665697678737226,-0.9697933659924278,1.0,0.0,0.0,0.0,1.0,0.0,0.0,1.0,1
0.6110236396547035,0.7314190743588007,1.6792948295471555,1.4248847924161354,-0.007614532038280543,-0.7703975381852631,-1.3005325802280965,0.590014145743645,0.0,0.0,1.0,0.0,0.0,0.0,0.0,0.0,0
1.2056938485643904,0.3477238222361511,0.9292978610684195,1.0082311193119986,1.210710594086589,0.8643982988126429,-0.09238756034407247,-1.5607763362775238,1.0,1.0,0.0,0.0,0.0,1.0,0.0,1.0,0
-0.776540181134566,-0.8033619341317975,-0.9012197867766271,-0.5911813677651718,-0.007614532038280543,-0.7703975381852631,1.0446901054291267,-1.0666758201375255,0.0,1.0,0.0,0.0,1.0,0.0,0.0,0.0,0
1.5360661868475498,0.7314190743588007,0.6998586598890153,0.10682633945897774,-0.007614532038280543,0.8643982988126429,0.6893533348750019,1.132555888956192,0.0,1.0,0.0,0.0,0.0,1.0,0.0,0.0,1
1.0074704455944947,0.7314190743588007,-0.0804221401055776,-0.9432223885474793,1.210710594086589,0.8643982988126429,-1.5848019966713962,-1.4154526550598772,1.0,1.0,0.0,0.0,0.0,1.0,0.0,1.0,0
-1.1069125194177254,0.3477238222361511,-0.45829363710927623,-1.1703159741721936,-1.22593965816315,-0.7703975381852631,-0.8030611014523219,-0.7857167031167421,0.0,0.0,1.0,0.0,0.0,0.0,0.0,1.0,1
-0.38009337519477476,-1.5707524383770965,-1.1373559874066854,2.282537541935554,-0.007614532038280543,0.8643982988126429,0.12081450198840235,1.1713088706142312,0.0,0.0,0.0,0.0,0.0,1.0,0.0,1.0,0
0.41280023668480786,-0.8033619341317975,-0.7196775256682998,-0.021131225772377693,-1.22593965816315,-0.7703975381852631,-0.4477243308981972,0.5706376549146255,0.0,1.0,0.0,0.0,0.0,0.0,0.0,1.0,0
-1.1069125194177254,-1.187057186254447,-1.1604070595158362,-0.5374316199809904,-1.22593965816315,-0.7703975381852631,0.8314880430966518,-0.6210165310700761,0.0,0.0,1.0,0.0,0.0,0.0,0.0,1.0,0
0.08242789840164842,0.7314190743588007,0.9469377576214422,0.4393285518583034,-1.22593965816315,-0.7703975381852631,-1.4426672884497465,1.5007092147075631,0.0,0.0,1.0,0.0,0.0,1.0,1.0,0.0,0
-1.5033593253575168,-1.187057186254447,-0.7544349528171937,1.374721966097096,-1.22593965816315,-0.7703975381852631,0.26294921021005224,0.7062730907177622,0.0,0.0,0.0,0.0,0.0,1.0,0.0,0.0,0
-1.437284857700885,-0.035971429886498395,0.28489917992759534,0.623865747637796,1.210710594086589,-0.7703975381852631,0.4050839184317021,0.21217257457776398,0.0,0.0,1.0,0.0,0.0,1.0,1.0,0.0,0
1.2717683162210223,-0.8033619341317975,-0.1922084549358934,1.6351432793049592,-0.007614532038280543,-0.7703975381852631,1.6132289383157261,0.715961336132272,0.0,0.0,1.0,0.0,0.0,0.0,1.0,0.0,1
-0.7104657134779342,-1.187057186254447,-1.582840390864186,-2.5271185863721737,-1.22593965816315,-0.7703975381852631,1.0446901054291267,0.7837790540338403,1.0,0.0,0.0,1.0,0.0,0.0,1.0,0.0,0
0.47887470434143975,0.3477238222361511,0.007964858644153232,-0.43828057897848127,1.210710594086589,-0.7703975381852631,-1.5848019966713962,-1.0763640655520352,0.0,0.0,0.0,1.0,0.0,1.0,1.0,0.0,0
-1.371210390044253,-0.8033619341317975,-1.0957274388214204,-1.2019433687995051,-1.22593965816315,-0.7703975381852631,0.618285980764177,-1.0279228384794865,1.0,0.0,0.0,0.0,0.0,0.0,0.0,0.0,0
-1.437284857700885,-1.187057186254447,-1.0255562785774683,0.09772385031376911,1.210710594086589,-0.7703975381852631,0.26294921021005224,1.7041623684122684,0.0,0.0,0.0,1.0,0.0,1.0,0.0,0.0,0
1.337842783877654,0.3477238222361511,0.6553771895377717,0.578170050480117,1.210710594086589,0.8643982988126429,1.6132289383157261,0.9387909806659966,1.0,0.0,1.0,0.0,0.0,0.0,0.0,0.0,0
-0.9086891164478298,-0.8033619341317975,-0.9435716113025628,-0.7241678329401178,1.210710594086589,0.8643982988126429,1.0446901054291267,0.12497836584717607,1.0,0.0,1.0,0.0,0.0,0.0,0.0,0.0,0
-0.1818699722248791,0.7314190743588007,0.18621219602275865,-0.584404068916462,-0.007614532038280543,0.8643982988126429,-0.3055896226765473,0.9097262444224673,1.0,0.0,0.0,0.0,1.0,0.0,0.0,1.0,1
-0.776540181134566,0.7314190743588007,0.8889685303765816,0.3613175161742204,1.210710594086589,0.8643982988126429,-1.7269367048930462,1.345697288075407,0.0,0.0,1.0,0.0,1.0,0.0,0.0,1.0,0
1.337842783877654,-0.8033619341317975,-0.14253011301094248,1.7911353094548237,1.210710594086589,0.8643982988126429,-1.0162631637847968,-0.030033560784980227,0.0,0.0,0.0,0.0,0.0,1.0,0.0,1.0,0
-0.9086891164478298,-1.5707524383770965,-1.3509232998880398,0.27070719353468975,1.210710594086589,0.8643982988126429,0.547218626653352,0.5221964278420765,1.0,0.0,0.0,1.0,1.0,0.0,0.0,1.0,0
-0.5783167781646704,-0.035971429886498395,0.14736959920896575,0.36475663484532034,-1.22593965816315,-0.7703975381852631,0.547218626653352,-1.0763640655520352,0.0,0.0,0.0,1.0,0.0,0.0,0.0,1.0,0
-0.04972103691161534,0.3477238222361511,0.5796475197497769,0.4592729166883492,1.210710594086589,0.8643982988126429,-0.8741284555631469,1.1519323797852115,0.0,1.0,0.0,0.0,0.0,1.0,0.0,1.0,0
0.2806513013715441,1.1151143264814503,1.1454770033355288,0.2256633908141437,1.210710594086589,2.4991941358105487,0.9025553972074768,1.5782151780236413,1.0,0.0,0.0,1.0,1.0,0.0,0.0,1.0,0
-0.247944439881511,-0.4196666820091479,-0.4734958258622606,-0.22114715928146939,1.210710594086589,0.8643982988126429,0.9025553972074768,1.0647381710546235,0.0,1.0,0.0,0.0,0.0,1.0,1.0,0.0,1
1.4039172515342861,0.7314190743588007,0.2441814232676192,-0.506393033232379,-1.22593965816315,-0.7703975381852631,1.3289595218724264,0.12497836584717607,1.0,1.0,0.0,0.0,0.0,1.0,1.0,0.0,0
0.01635343074501654,0.3477238222361511,-0.011643955747361665,-0.4690668194933643,1.210710594086589,0.8643982988126429,-1.4426672884497465,1.7138506138267782,1.0,1.0,0.0,0.0,0.0,0.0,0.0,1.0,0
-0.5783167781646704,0.3477238222361511,0.5667223108100147,0.4389800737260115,1.210710594086589,-0.7703975381852631,-1.3005325802280965,1.3941385151479557,0.0,0.0,1.0,0.0,1.0,0.0,1.0,0.0,0
-0.38009337519477476,-0.8033619341317975,-0.43177351928468666,0.8828991565601514,1.210710594086589,0.8643982988126429,0.04974714787757741,-0.3981868865363514,1.0,1.0,0.0,0.0,0.0,0.0,1.0,0.0,1
0.5449491719980716,-1.5707524383770965,-1.2627372111218285,1.1014309949690761,1.210710594086589,-0.7703975381852631,-1.0162631637847968,1.1519323797852115,0.0,0.0,0.0,1.0,0.0,1.0,0.0,0.0,0
1.0074704455944947,0.3477238222361511,0.654908399576226,0.5774340406317428,1.210710594086589,-0.7703975381852631,-0.37665697678737226,0.7644025632048208,0.0,0.0,0.0,0.0,0.0,1.0,0.0,1.0,0
0.47887470434143975,-1.187057186254447,-1.1047416000820007,-0.2752438831370275,1.210710594086589,0.8643982988126429,0.8314880430966518,0.5512611640856059,0.0,0.0,0.0,1.0,0.0,1.0,1.0,0.0,0
0.7431725749679673,-0.4196666820091479,-0.7192221297056555,-0.7998401597794667,-1.22593965816315,-0.7703975381852631,-1.5848019966713962,1.5297739509510926,0.0,0.0,0.0,0.0,1.0,0.0,0.0,0.0,0
-1.2390614547309893,-1.5707524383770965,-1.5796392251267737,-1.8838249500396684,-1.22593965816315,-0.7703975381852631,-0.09238756034407247,-1.4154526550598772,1.0,0.0,0.0,1.0,0.0,0.0,0.0,0.0,0
-0.247944439881511,1.1151143264814503,0.6967914341406158,-0.3026707644153991,-1.22593965816315,-0.7703975381852631,1.1868248136507764,0.9484792260805064,0.0,0.0,0.0,0.0,0.0,0.0,0.0,1.0,0
0.41280023668480786,-1.187057186254447,-1.1278462481867568,-0.38406819643246465,-1.22593965816315,-0.7703975381852631,-0.16345491445489743,0.2993667833083519,0.0,0.0,0.0,1.0,1.0,0.0,1.0,0.0,0
-0.776540181134566,-0.4196666820091479,0.06578675190109923,1.0488798917951054,-1.22593965816315,-0.7703975381852631,-1.0162631637847968,-0.9697933659924278,0.0,0.0,0.0,0.0,0.0,0.0,0.0,0.0,0
-1.1729869870743574,0.7314190743588007,0.6004885820402119,-0.026899139686173097,-1.22593965816315,-0.7703975381852631,0.1918818560992273,-0.1947337328316463,1.0,1.0,0.0,0.0,0.0,0.0,1.0,0.0,0
-0.04972103691161534,0.3477238222361511,-0.07598872646924476,-0.5700894283960269,-1.22593965816315,-0.7703975381852631,0.618285980764177,1.1906853614432507,1.0,0.0,0.0,0.0,0.0,1.0,1.0,0.0,0
-0.6443912458213022,0.7314190743588007,-0.30984794728608084,-1.2519680055143603,-0.007614532038280543,-0.7703975381852631,0.7604206889858268,0.19279608374874446,0.0,1.0,0.0,0.0,0.0,1.0,0.0,1.0,0
1.0735449132511268,0.7314190743588007,1.0901999698698313,0.6321210744269151,-0.007614532038280543,-0.7703975381852631,0.26294921021005224,1.2681913247593288,0.0,0.0,0.0,1.0,0.0,1.0,0.0,1.0,1
-0.44616784285140665,-1.187057186254447,-0.7297632068409846,1.4909274067290927,-1.22593965816315,-0.7703975381852631,1.0446901054291267,-1.173246519697133,0.0,0.0,0.0,0.0,1.0,0.0,1.0,0.0,0
1.0074704455944947,0.3477238222361511,0.08673496618274491,-0.314609895598681,1.210710594086589,2.4991941358105487,1.1157574595399515,-1.2216877467696818,0.0,0.0,0.0,0.0,0.0,1.0,1.0,0.0,0
-0.6443912458213022,-0.035971429886498395,0.3909930452248553,0.8237491993741801,1.210710594086589,-0.7703975381852631,0.618285980764177,-0.6210165310700761,0.0,0.0,0.0,1.0,0.0,0.0,0.0,0.0,0
-0.9086891164478298,1.1151143264814503,1.7383221827052195,0.9237477031449612,-0.007614532038280543,0.8643982988126429,-1.798004059003871,-0.3981868865363514,1.0,1.0,0.0,0.0,1.0,0.0,1.0,0.0,1
0.8753215102812311,0.7314190743588007,0.6531269977223519,0.04393805306762677,-1.22593965816315,-0.7703975381852631,0.9736227513183017,0.21217257457776398,0.0,1.0,0.0,0.0,0.0,0.0,0.0,0.0,0
1.469991719190918,-0.4196666820091479,0.462597363351247,1.9833810818503574,-1.22593965816315,-0.7703975381852631,-0.021320206233247534,-0.1366042603445877,1.0,0.0,1.0,0.0,1.0,0.0,1.0,0.0,0
0.2806513013715441,-0.8033619341317975,-0.3328186554018237,1.1936214856912397,-1.22593965816315,-0.7703975381852631,0.618285980764177,-1.2701289738422306,1.0,0.0,1.0,0.0,0.0,0.0,1.0,0.0,0
-1.5694337930141486,-0.4196666820091479,-0.002214580520840953,0.8887346632151245,-0.007614532038280543,-0.7703975381852631,1.1157574595399515,0.17341959291972492,0.0,0.0,1.0,0.0,1.0,0.0,0.0,0.0,1
0.41280023668480786,0.7314190743588007,0.5672446767671658,-0.071636521980049,-1.22593965816315,-0.7703975381852631,-1.3715999343389216,0.2993667833083519,1.0,0.0,0.0,0.0,0.0,0.0,0.0,1.0,0
1.2717683162210223,0.3477238222361511,0.6125297870524877,0.5108987503386481,-0.007614532038280543,-0.7703975381852631,-1.5848019966713962,-0.17535724200262676,0.0,0.0,0.0,0.0,0.0,1.0,1.0,0.0,0
-0.04972103691161534,1.1151143264814503,1.6626996649084351,0.8347010259179991,-1.22593965816315,-0.7703975381852631,-1.5137346425605713,0.47375520076952776,1.0,0.0,0.0,0.0,1.0,0.0,0.0,1.0,0
-0.04972103691161534,1.1151143264814503,1.8367814686287336,1.0396850259036214,1.210710594086589,0.8643982988126429,0.9025553972074768,-0.10753952410105838,1.0,0.0,0.0,1.0,0.0,0.0,1.0,0.0,0
-1.437284857700885,0.7314190743588007,0.24408766527531015,-0.5065192063492432,-0.007614532038280543,0.8643982988126429,-1.0873305178956216,1.1228676435416822,0.0,0.0,1.0,0.0,0.0,0.0,0.0,0.0,0
-0.44616784285140665,0.7314190743588007,-0.03829801356096451,-0.8865346096134588,-1.22593965816315,-0.7703975381852631,-0.8030611014523219,-1.2313759921841916,1.0,0.0,0.0,1.0,0.0,0.0,1.0,0.0,1
1.469991719190918,0.3477238222361511,1.2140542777102257,1.4553045300677458,1.210710594086589,0.8643982988126429,0.4050839184317021,-1.0085463476504668,0.0,0.0,1.0,0.0,0.0,0.0,0.0,1.0,0
-1.437284857700885,1.4988095786040998,1.714547834655398,0.44730749943905396,-0.007614532038280543,0.8643982988126429,0.7604206889858268,-1.6673470358371312,0.0,0.0,1.0,0.0,0.0,1.0,0.0,1.0,0
1.1396193809077586,0.3477238222361511,0.2533161305183111,-0.05307405319185031,1.210710594086589,0.8643982988126429,-1.2294652261172716,-0.6016400402410566,0.0,0.0,0.0,0.0,0.0,1.0,1.0,0.0,1
-0.842614648791198,-0.4196666820091479,0.09975393311481623,1.128873647887056,-1.22593965816315,-0.7703975381852631,1.4710942300940764,1.297256061002858,0.0,1.0,0.0,0.0,1.0,0.0,1.0,0.0,1
0.8753215102812311,1.1151143264814503,1.0758683910454319,0.14369817977118943,1.210710594086589,2.4991941358105487,0.4050839184317021,-0.6403930218990956,0.0,0.0,1.0,0.0,1.0,0.0,1.0,0.0,0
0.6770981073113354,-0.8033619341317975,-0.6181644079952872,0.29762412513240233,1.210710594086589,-0.7703975381852631,0.4761512725425271,-0.7372754760441933,0.0,1.0,0.0,0.0,0.0,0.0,0.0,1.0,0
-0.1818699722248791,1.1151143264814503,0.398815140583219,-0.6535424307753396,-1.22593965816315,-0.7703975381852631,-0.23452226856572236,0.1443548566761956,1.0,0.0,0.0,1.0,1.0,0.0,1.0,0.0,1
-1.305135922387621,-0.8033619341317975,-0.6810090508402239,0.10028937035667584,1.210710594086589,2.4991941358105487,-0.8030611014523219,-1.71578826290968,1.0,0.0,0.0,0.0,0.0,0.0,0.0,0.0,0
-0.11579550456824722,0.3477238222361511,0.2732999768790626,-0.021699004798267134,1.210710594086589,-0.7703975381852631,0.26294921021005224,-0.8050931939457617,0.0,0.0,1.0,0.0,1.0,0.0,1.0,0.0,1
1.2056938485643904,-1.5707524383770965,-1.1786095040227136,1.8939243419935867,-1.22593965816315,-0.7703975381852631,-0.731993747341497,1.6654093867542292,1.0,0.0,0.0,0.0,1.0,0.0,1.0,0.0,1
0.47887470434143975,-0.8033619341317975,-0.6918046139546782,0.06639085962580732,-0.007614532038280543,0.8643982988126429,-0.3055896226765473,-0.7566519668732129,1.0,0.0,0.0,1.0,0.0,0.0,0.0,0.0,1
-0.9086891164478298,1.4988095786040998,1.842875738128829,0.5816257919586777,-0.007614532038280543,0.8643982988126429,1.1868248136507764,-0.9407286297488985,0.0,1.0,0.0,0.0,0.0,1.0,0.0,0.0,1
1.0074704455944947,-1.187057186254447,-0.5618426426152875,2.2818435897928,-0.007614532038280543,-0.7703975381852631,0.26294921021005224,-0.22379846907517562,1.0,0.0,0.0,0.0,0.0,0.0,1.0,0.0,0
-0.3140189075381429,1.4988095786040998,1.2148177356476004,-0.07575016613940116,-0.007614532038280543,-0.7703975381852631,-1.798004059003871,-1.628594054179092,0.0,0.0,0.0,0.0,0.0,1.0,0.0,0.0,0
-0.9747635841044617,-0.8033619341317975,-0.7396345840312486,-0.08379720714830093,1.210710594086589,0.8643982988126429,0.618285980764177,1.3360090426608973,0.0,0.0,1.0,0.0,1.0,0.0,1.0,0.0,1
1.2056938485643904,1.4988095786040998,1.4508869662831516,0.17133885438646992,-0.007614532038280543,0.8643982988126429,-0.589859039119847,-1.5317116000339943,1.0,1.0,0.0,0.0,0.0,1.0,0.0,1.0,0
0.8092470426245991,0.7314190743588007,0.49685921254079285,-0.166356483283158,1.210710594086589,2.4991941358105487,-0.8030611014523219,0.12497836584717607,0.0,0.0,0.0,1.0,0.0,0.0,1.0,0.0,0
0.21457683371491218,1.4988095786040998,2.2584245540419063,1.0165725642602477,-1.22593965816315,-0.7703975381852631,-0.37665697678737226,0.4543787099405082,0.0,0.0,1.0,0.0,1.0,0.0,1.0,0.0,0
1.469991719190918,-0.4196666820091479,-0.14439187885822444,0.5539027543365547,-0.007614532038280543,-0.7703975381852631,0.9736227513183017,0.9872322077385455,0.0,0.0,0.0,0.0,0.0,1.0,0.0,0.0,0
1.0074704455944947,0.7314190743588007,0.8153417184160917,0.26223556997380265,1.210710594086589,-0.7703975381852631,-1.7269367048930462,-1.677035281251641,0.0,0.0,0.0,0.0,0.0,1.0,1.0,0.0,0
-1.5033593253575168,-0.035971429886498395,0.32171928290729046,0.6932357272897736,-0.007614532038280543,0.8643982988126429,0.26294921021005224,-0.5144458315104686,1.0,1.0,0.0,0.0,0.0,0.0,1.0,0.0,1
0.1485023660582803,-1.5707524383770965,-1.2356679393422854,1.3564268641517754,-0.007614532038280543,0.8643982988126429,0.9736227513183017,1.432891496805995,0.0,0.0,0.0,1.0,1.0,0.0,0.0,1.0,0
-0.38009337519477476,0.7314190743588007,0.4398811412146288,-0.2430336888746763,-0.007614532038280543,-0.7703975381852631,0.4050839184317021,1.7041623684122684,1.0,0.0,0.0,1.0,1.0,0.0,0.0,1.0,0
0.01635343074501654,0.7314190743588007,0.9239804435046003,0.40843416295753665,-0.007614532038280543,-0.7703975381852631,0.12081450198840235,0.9872322077385455,0.0,0.0,0.0,0.0,0.0,1.0,0.0,1.0,1
-0.11579550456824722,-0.4196666820091479,-0.3994537999358305,-0.046775911775041555,-1.22593965816315,-0.7703975381852631,-1.0873305178956216,-0.36912215029282214,1.0,0.0,0.0,1.0,0.0,1.0,1.0,0.0,1
1.7342895898174455,-0.035971429886498395,0.0537991228844286,0.1884675559625557,-0.007614532038280543,-0.7703975381852631,-1.3715999343389216,-1.4735821275469358,1.0,0.0,1.0,0.0,0.0,1.0,1.0,0.0,0
1.4039172515342861,1.4988095786040998,1.2607993338757904,-0.027622131673283996,1.210710594086589,0.8643982988126429,-1.798004059003871,-0.5047575860959589,0.0,1.0,0.0,0.0,1.0,0.0,0.0,0.0,1
-0.3140189075381429,0.7314190743588007,1.8667840261676634,1.6771949766827234,-0.007614532038280543,0.8643982988126429,1.1868248136507764,0.16373134750521515,1.0,0.0,0.0,0.0,0.0,1.0,0.0,0.0,0
0.2806513013715441,-1.5707524383770965,-1.4335240911124054,-0.5074024181672935,1.210710594086589,0.8643982988126429,0.12081450198840235,-0.5144458315104686,0.0,0.0,0.0,1.0,0.0,1.0,0.0,0.0,0
-1.437284857700885,-1.5707524383770965,-1.5889614483620835,-1.9716414393772035,-0.007614532038280543,-0.7703975381852631,0.9025553972074768,1.4910209692930534,0.0,0.0,0.0,1.0,1.0,0.0,0.0,1.0,0
0.6770981073113354,-0.4196666820091479,-0.5974974676905691,-0.5131748382638338,1.210710594086589,0.8643982988126429,-0.5187916850090222,0.16373134750521515,1.0,0.0,1.0,0.0,1.0,0.0,0.0,0.0,0
0.9413959779378629,0.3477238222361511,0.2554591703425206,-0.049709436742135786,-0.007614532038280543,-0.7703975381852631,0.9025553972074768,1.0647381710546235,1.0,0.0,0.0,1.0,0.0,0.0,1.0,0.0,0
-1.0408380517610936,1.1151143264814503,1.4958104385981381,0.6381863964018903,-0.007614532038280543,-0.7703975381852631,0.4050839184317021,-0.49506934068144914,1.0,0.0,1.0,0.0,1.0,0.0,0.0,1.0,1
-1.0408380517610936,-1.5707524383770965,-1.0579563619197323,3.030491778706975,-0.007614532038280543,0.8643982988126429,1.6132289383157261,0.34780801038090076,1.0,1.0,0.0,0.0,1.0,0.0,1.0,0.0,1
1.0735449132511268,1.4988095786040998,2.2256092567337022,0.9822254380027505,1.210710594086589,2.4991941358105487,0.26294921021005224,1.4522679876350144,0.0,0.0,0.0,0.0,0.0,0.0,0.0,1.0,1
-0.11579550456824722,-1.5707524383770965,-1.695550891618692,-2.9757271033831034,1.210710594086589,-0.7703975381852631,-1.7269367048930462,-1.71578826290968,1.0,0.0,1.0,0.0,1.0,0.0,0.0,1.0,0
-1.437284857700885,-1.187057186254447,-1.0098049358695302,0.1719136430299627,-0.007614532038280543,-0.7703975381852631,1.2578921677616015,1.1422441343707017,0.0,0.0,0.0,1.0,0.0,0.0,1.0,0.0,0
1.4039172515342861,-0.035971429886498395,0.31198184570603993,0.6748901560977085,-1.22593965816315,-0.7703975381852631,1.1868248136507764,0.8612850173499185,1.0,0.0,0.0,1.0,1.0,0.0,1.0,0.0,0
0.08242789840164842,-1.5707524383770965,-1.097709750658814,2.656009967853807,-0.007614532038280543,-0.7703975381852631,0.7604206889858268,1.723538859241288,1.0,1.0,0.0,0.0,0.0,0.0,1.0,0.0,0
1.6682151221608137,-0.8033619341317975,-1.0950711328752563,-1.1998825412240555,-0.007614532038280543,0.8643982988126429,-0.5187916850090222,-1.386387918816348,0.0,0.0,1.0,0.0,0.0,1.0,1.0,0.0,0
1.2717683162210223,-0.035971429886498395,-0.24482008262023078,-0.37413837213524576,-1.22593965816315,-0.7703975381852631,-0.021320206233247534,-1.628594054179092,1.0,0.0,0.0,0.0,0.0,1.0,0.0,0.0,0
-1.437284857700885,1.4988095786040998,1.131694578466083,-0.16275353983492288,1.210710594086589,0.8643982988126429,-1.798004059003871,0.17341959291972492,0.0,0.0,0.0,1.0,0.0,1.0,0.0,0.0,0
0.41280023668480786,-0.8033619341317975,-0.7289059909113009,-0.05010898494553968,-0.007614532038280543,0.8643982988126429,1.1157574595399515,0.8031555448628599,1.0,0.0,1.0,0.0,0.0,0.0,0.0,0.0,0
-1.0408380517610936,-0.8033619341317975,-0.5531365433294374,0.5018142859244206,-1.22593965816315,-0.7703975381852631,0.12081450198840235,-1.1248052926245842,1.0,0.0,0.0,1.0,0.0,1.0,1.0,0.0,1
-0.9747635841044617,1.1151143264814503,-0.14586521873736816,-1.294911927075665,1.210710594086589,2.4991941358105487,-0.021320206233247534,-0.11722776951556815,0.0,0.0,0.0,0.0,1.0,0.0,1.0,0.0,1
0.1485023660582803,0.7314190743588007,0.38023766410710474,-0.32329781593133583,-1.22593965816315,-0.7703975381852631,0.9736227513183017,-0.5531988131685077,0.0,0.0,1.0,0.0,0.0,0.0,0.0,0.0,0
1.337842783877654,-0.4196666820091479,-0.21646498694616215,0.38416836887488903,-0.007614532038280543,0.8643982988126429,0.618285980764177,1.5588386871946218,0.0,0.0,0.0,1.0,1.0,0.0,1.0,0.0,0
-1.1729869870743574,-0.8033619341317975,-0.9016216067436664,-0.5924430989338149,1.210710594086589,0.8643982988126429,-1.6558693507822213,0.1831078383342347,0.0,0.0,0.0,0.0,1.0,0.0,0.0,1.0,0
0.9413959779378629,0.7314190743588007,1.059139286417698,0.5903217232828784,-1.22593965816315,-0.7703975381852631,-0.021320206233247534,0.30905502872286167,0.0,0.0,1.0,0.0,1.0,0.0,1.0,0.0,1
-0.247944439881511,0.3477238222361511,-0.08192226798252425,-0.5794052101911727,-1.22593965816315,-0.7703975381852631,0.4761512725425271,-0.02034531537047046,0.0,0.0,1.0,0.0,0.0,0.0,0.0,0.0,0
0.5449491719980716,-0.035971429886498395,0.19308331745912946,0.45088240441687466,-0.007614532038280543,0.8643982988126429,-0.3055896226765473,1.2778795701738386,0.0,1.0,0.0,0.0,1.0,0.0,1.0,0.0,0
1.2717683162210223,-0.4196666820091479,-0.09242316312114954,0.6762906776949019,-0.007614532038280543,-0.7703975381852631,-1.4426672884497465,0.8031555448628599,1.0,0.0,0.0,0.0,0.0,1.0,0.0,0.0,0
0.6110236396547035,-0.4196666820091479,-0.592836356072914,-0.5021977770966418,1.210710594086589,0.8643982988126429,1.1157574595399515,-1.337946691743799,0.0,0.0,1.0,0.0,0.0,0.0,1.0,0.0,0
0.6110236396547035,1.1151143264814503,0.3817377919840514,-0.6736512712755834,-0.007614532038280543,-0.7703975381852631,0.547218626653352,-1.589841072521053,1.0,1.0,0.0,0.0,0.0,1.0,1.0,0.0,0
-0.04972103691161534,-0.035971429886498395,0.9881243042429639,1.9487591785828007,-0.007614532038280543,-0.7703975381852631,-1.6558693507822213,-0.17535724200262676,1.0,0.0,1.0,0.0,0.0,0.0,1.0,0.0,1
0.5449491719980716,-0.035971429886498395,0.11239786807765095,0.29886903321879627,-1.22593965816315,-0.7703975381852631,-0.660926393230672,-0.7566519668732129,0.0,0.0,0.0,1.0,1.0,0.0,1.0,0.0,1
-1.305135922387621,0.3477238222361511,0.5413674708898387,0.39917245535533236,-1.22593965816315,-0.7703975381852631,-1.4426672884497465,0.4834434461840375,1.0,1.0,0.0,0.0,0.0,1.0,0.0,0.0,0
1.0074704455944947,-0.035971429886498395,-0.33800213297662973,-0.5496956469401977,-1.22593965816315,-0.7703975381852631,1.1157574595399515,-0.5628870585830175,1.0,0.0,1.0,0.0,0.0,0.0,0.0,0.0,0
0.7431725749679673,-1.187057186254447,-1.0269894364599084,0.09097358856153008,1.210710594086589,0.8643982988126429,-1.5137346425605713,0.8903497535934478,0.0,0.0,0.0,1.0,1.0,0.0,0.0,1.0,1
-1.6355082606707805,-1.187057186254447,-0.8891919757632527,0.7400081017113601,1.210710594086589,0.8643982988126429,-0.4477243308981972,0.23154906540678352,1.0,0.0,0.0,1.0,1.0,0.0,0.0,1.0,0
-0.9086891164478298,1.1151143264814503,1.2575713801405748,0.3576562426937834,1.210710594086589,2.4991941358105487,-1.798004059003871,1.0162969439820748,0.0,0.0,0.0,1.0,0.0,0.0,0.0,1.0,0
0.6110236396547035,-1.5707524383770965,-1.672191757534811,-2.755681187571808,-1.22593965816315,-0.7703975381852631,-0.16345491445489743,-1.2895054646712503,1.0,1.0,0.0,0.0,0.0,0.0,0.0,0.0,0
-1.305135922387621,-1.5707524383770965,-1.1727965084995462,1.9486834747126818,-0.007614532038280543,0.8643982988126429,-1.2294652261172716,-0.7082107398006641,1.0,0.0,0.0,1.0,0.0,0.0,0.0,0.0,0
-0.5783167781646704,0.3477238222361511,0.393511117018301,0.16703494917787753,1.210710594086589,2.4991941358105487,-0.8030611014523219,-0.8147814393602715,0.0,0.0,0.0,0.0,0.0,0.0,0.0,1.0,0
-1.1069125194177254,1.1151143264814503,1.5413232468647824,0.6917784277899912,1.210710594086589,0.8643982988126429,0.7604206889858268,-1.502646863790465,1.0,0.0,1.0,0.0,0.0,1.0,0.0,1.0,0
-1.5694337930141486,-1.5707524383770965,-1.4321712972233733,-0.4946589333640014,-1.22593965816315,-0.7703975381852631,-0.589859039119847,1.5394621963656023,1.0,0.0,0.0,0.0,0.0,0.0,0.0,0.0,0
-0.5122423105080385,0.3477238222361511,0.8078410790313594,0.8175414820244575,-0.007614532038280543,-0.7703975381852631,-0.3055896226765473,1.0356734348110943,0.0,0.0,0.0,1.0,1.0,0.0,1.0,0.0,0
1.5360661868475498,-0.8033619341317975,-0.42586676576920973,0.9014466047392001,-1.22593965816315,-0.7703975381852631,-1.0873305178956216,1.132555888956192,0.0,0.0,0.0,1.0,0.0,1.0,0.0,1.0,0
0.6770981073113354,-1.5707524383770965,-1.36311183888823,0.1558896571882,-0.007614532038280543,0.8643982988126429,0.8314880430966518,-1.4542056367179161,1.0,0.0,0.0,0.0,1.0,0.0,0.0,0.0,0
0.1485023660582803,1.1151143264814503,0.5828352914882883,-0.4368558742005553,-1.22593965816315,-0.7703975381852631,-1.6558693507822213,-0.9116638935053691,1.0,1.0,0.0,0.0,1.0,0.0,0.0,0.0,0
1.0074704455944947,0.3477238222361511,0.03523504040721598,-0.3954658346558708,-0.007614532038280543,0.8643982988126429,0.1918818560992273,-0.48538109526693934,0.0,0.0,0.0,1.0,0.0,0.0,0.0,1.0,0
0.7431725749679673,-1.5707524383770965,-1.699890547262716,-3.016607193247128,1.210710594086589,0.8643982988126429,1.4000268759832513,-1.1926230105261524,1.0,0.0,0.0,1.0,0.0,1.0,0.0,0.0,0
1.5360661868475498,-0.4196666820091479,-0.47202248598311664,-0.21767739856770174,1.210710594086589,-0.7703975381852631,0.4050839184317021,-0.9988581022359571,0.0,0.0,0.0,0.0,0.0,0.0,0.0,1.0,0
0.01635343074501654,0.3477238222361511,0.026796821099392066,-0.4087140119266195,-0.007614532038280543,-0.7703975381852631,0.547218626653352,-0.87291091184733,0.0,0.0,0.0,1.0,1.0,0.0,1.0,0.0,0
-1.437284857700885,-0.4196666820091479,-0.47329491587874095,-0.22067401009322843,1.210710594086589,-0.7703975381852631,-1.3005325802280965,1.3166325518318776,1.0,0.0,0.0,1.0,0.0,0.0,0.0,1.0,0
0.9413959779378629,-0.8033619341317975,-0.4419797464474831,0.8508511848766259,-0.007614532038280543,-0.7703975381852631,0.547218626653352,0.4350022191114887,0.0,1.0,0.0,0.0,0.0,0.0,1.0,0.0,0
0.6770981073113354,-0.8033619341317975,-0.7811559806253031,-0.21417609457471845,-0.007614532038280543,0.8643982988126429,-1.5137346425605713,0.6481436182307035,0.0,1.0,0.0,0.0,0.0,0.0,1.0,0.0,0
1.6682151221608137,-1.5707524383770965,-1.326921253856896,0.4968094189554706,-1.22593965816315,-0.7703975381852631,-1.2294652261172716,-0.10753952410105838,1.0,1.0,0.0,0.0,0.0,0.0,0.0,0.0,0
0.346725769028176,1.4988095786040998,1.3483157226969358,0.06397955117017912,-1.22593965816315,-0.7703975381852631,-0.660926393230672,0.5997023911581547,0.0,1.0,0.0,0.0,0.0,0.0,0.0,0.0,0
0.2806513013715441,-0.4196666820091479,0.18448437016448999,1.3284164322079068,-0.007614532038280543,-0.7703975381852631,-0.4477243308981972,-1.1926230105261524,1.0,1.0,0.0,0.0,0.0,0.0,0.0,0.0,0
1.6021406545041816,0.7314190743588007,0.6867727229624375,0.08921617729092102,-1.22593965816315,-0.7703975381852631,1.1157574595399515,-1.0763640655520352,1.0,0.0,0.0,1.0,0.0,1.0,0.0,0.0,0
0.5449491719980716,-0.035971429886498395,0.16281287994217372,0.39385215559422265,-0.007614532038280543,-0.7703975381852631,0.04974714787757741,0.7644025632048208,1.0,0.0,1.0,0.0,0.0,0.0,1.0,0.0,0
-0.44616784285140665,-0.4196666820091479,-0.2957440664430034,0.1974636991949788,-1.22593965816315,-0.7703975381852631,-1.5137346425605713,-0.01065706995596069,0.0,0.0,0.0,1.0,0.0,1.0,1.0,0.0,0
-0.5122423105080385,-0.035971429886498395,-0.9188864713274523,-1.644096027997546,1.210710594086589,-0.7703975381852631,1.4000268759832513,-0.030033560784980227,1.0,0.0,0.0,1.0,0.0,0.0,0.0,0.0,1
0.2806513013715441,-1.187057186254447,-1.333752193296563,-1.3538978592097135,1.210710594086589,2.4991941358105487,0.1918818560992273,0.10560187501815653,1.0,0.0,1.0,0.0,0.0,1.0,0.0,1.0,0
-0.3140189075381429,-1.5707524383770965,-1.6662582160215316,-2.699786496800934,-1.22593965816315,-0.7703975381852631,-1.0873305178956216,0.1443548566761956,1.0,0.0,0.0,0.0,1.0,0.0,1.0,0.0,0
-1.5033593253575168,-1.187057186254447,-0.9947098991077563,0.2430121943829815,-0.007614532038280543,0.8643982988126429,-0.021320206233247534,1.0162969439820748,1.0,0.0,1.0,0.0,0.0,1.0,0.0,0.0,0
-1.305135922387621,-1.187057186254447,-0.9076221182514523,0.653200997308739,-0.007614532038280543,0.8643982988126429,-0.23452226856572236,-0.9407286297488985,0.0,1.0,0.0,0.0,0.0,1.0,0.0,0.0,1
0.8092470426245991,1.1151143264814503,-0.842795163569122,-2.115557650800517,-1.22593965816315,-0.7703975381852631,-0.589859039119847,1.5200857055365828,0.0,0.0,0.0,1.0,1.0,0.0,0.0,0.0,0
-0.842614648791198,-0.8033619341317975,-1.0864052155861101,-1.1726712056869935,1.210710594086589,2.4991941358105487,-0.4477243308981972,0.30905502872286167,1.0,1.0,0.0,0.0,0.0,0.0,0.0,1.0,0
1.2717683162210223,1.1151143264814503,1.1605854340962045,0.24345380029200675,-1.22593965816315,-0.7703975381852631,1.2578921677616015,-0.669457758142625,0.0,0.0,1.0,0.0,0.0,0.0,0.0,1.0,0
-1.5033593253575168,-1.5707524383770965,-1.0735067946441506,2.8840047900275514,-1.22593965816315,-0.7703975381852631,-0.37665697678737226,1.1034911527126627,0.0,0.0,0.0,0.0,0.0,1.0,1.0,0.0,0
1.469991719190918,-1.187057186254447,-0.6096860066907593,2.056498403073205,1.210710594086589,0.8643982988126429,-0.021320206233247534,1.384450269733446,0.0,0.0,0.0,0.0,0.0,0.0,1.0,0.0,0
0.1485023660582803,1.4988095786040998,0.9754803692801292,-0.3262598800558159,1.210710594086589,0.8643982988126429,0.4050839184317021,-1.1441817834536037,1.0,0.0,0.0,1.0,0.0,0.0,1.0,0.0,0
-0.247944439881511,-1.5707524383770965,-1.6300006609956912,-2.358235869449342,1.210710594086589,2.4991941358105487,-1.798004059003871,-1.3476349371583087,0.0,0.0,1.0,0.0,1.0,0.0,1.0,0.0,0
0.9413959779378629,-0.4196666820091479,-0.5888583383992256,-0.49282942316946965,-0.007614532038280543,-0.7703975381852631,-1.7269367048930462,1.1228676435416822,0.0,1.0,0.0,0.0,0.0,0.0,0.0,1.0,1
0.9413959779378629,0.3477238222361511,0.12155936332614545,-0.2599348782908288,1.210710594086589,2.4991941358105487,-1.5848019966713962,1.2681913247593288,0.0,1.0,0.0,0.0,0.0,0.0,0.0,0.0,0
-0.9086891164478298,-1.187057186254447,-0.9712704010304675,0.35341367163922205,1.210710594086589,2.4991941358105487,1.0446901054291267,-0.8535344210183106,0.0,0.0,0.0,0.0,0.0,1.0,1.0,0.0,0
-0.1818699722248791,-0.8033619341317975,-0.9014876667546533,-0.5920225218776003,-1.22593965816315,-0.7703975381852631,-1.1583978720064467,0.967855716909526,0.0,0.0,0.0,1.0,0.0,0.0,0.0,1.0,0
0.346725769028176,-1.187057186254447,-1.172742932503941,-0.5955343402969893,1.210710594086589,0.8643982988126429,0.12081450198840235,-0.5241340769249785,1.0,0.0,1.0,0.0,0.0,0.0,0.0,1.0,0
-0.5122423105080385,-0.035971429886498395,-0.5768573153836537,-0.9997046855483213,-1.22593965816315,-0.7703975381852631,1.6132289383157261,0.7547143177903111,0.0,1.0,0.0,0.0,0.0,1.0,0.0,0.0,0
-1.2390614547309893,1.1151143264814503,1.4495609603919224,0.5837269248353482,-0.007614532038280543,0.8643982988126429,0.7604206889858268,-0.3884986411218417,0.0,0.0,0.0,0.0,0.0,1.0,1.0,0.0,0
-1.1729869870743574,1.4988095786040998,1.7460371260723726,0.48026672141104315,-1.22593965816315,-0.7703975381852631,-0.660926393230672,-0.7372754760441933,1.0,0.0,0.0,1.0,0.0,1.0,0.0,0.0,0
-0.44616784285140665,-0.035971429886498395,-0.49641295798239854,-0.8481455375709542,1.210710594086589,0.8643982988126429,0.26294921021005224,1.7719800863138369,1.0,0.0,0.0,0.0,0.0,0.0,0.0,1.0,0
0.21457683371491218,-0.035971429886498395,0.39980629650191574,0.8403535815535184,-1.22593965816315,-0.7703975381852631,-1.4426672884497465,-1.502646863790465,1.0,0.0,0.0,1.0,0.0,0.0,0.0,1.0,0
1.2056938485643904,0.7314190743588007,1.55430203180015,1.256678002905076,1.210710594086589,0.8643982988126429,-1.0873305178956216,-1.5704645816920335,1.0,0.0,1.0,0.0,0.0,0.0,0.0,1.0,0
-0.38009337519477476,0.3477238222361511,0.5899073229081786,0.4753810179413547,-0.007614532038280543,-0.7703975381852631,-1.0873305178956216,1.6169681596816805,0.0,0.0,0.0,0.0,0.0,0.0,1.0,0.0,0
1.6021406545041816,-1.187057186254447,-0.6997338613042524,1.6323674707339446,1.210710594086589,-0.7703975381852631,-1.7269367048930462,-1.7061000174951702,0.0,1.0,0.0,0.0,0.0,0.0,0.0,0.0,1
1.0735449132511268,-1.5707524383770965,-1.5309386451216178,-1.4250594971211648,-1.22593965816315,-0.7703975381852631,-0.4477243308981972,1.549150441780112,0.0,0.0,0.0,1.0,0.0,0.0,0.0,0.0,0
0.2806513013715441,-1.187057186254447,-0.8985811689930695,0.6957844242504319,-1.22593965816315,-0.7703975381852631,0.547218626653352,-0.5144458315104686,0.0,0.0,0.0,0.0,0.0,1.0,0.0,1.0,0
1.4039172515342861,-1.5707524383770965,-1.694452583708785,-2.9653809078002324,-1.22593965816315,-0.7703975381852631,1.0446901054291267,-1.4832703729614456,0.0,0.0,0.0,1.0,0.0,1.0,0.0,0.0,0
-0.247944439881511,-0.4196666820091479,-0.798286905220076,-0.9860401369919203,-0.007614532038280543,-0.7703975381852631,-1.798004059003871,0.6965848453032524,1.0,0.0,0.0,0.0,0.0,0.0,0.0,1.0,0
-1.0408380517610936,0.3477238222361511,-0.17661784021477114,-0.7280791995629103,-0.007614532038280543,0.8643982988126429,1.5421615842049012,-0.7663402122877226,0.0,0.0,0.0,0.0,1.0,0.0,0.0,0.0,0
0.01635343074501654,0.3477238222361511,-0.3429980945668178,-0.9892996091775806,-0.007614532038280543,-0.7703975381852631,0.04974714787757741,-0.01065706995596069,1.0,0.0,1.0,0.0,0.0,1.0,1.0,0.0,0
1.6682151221608137,0.7314190743588007,1.361924025580665,0.9977887918305652,-0.007614532038280543,-0.7703975381852631,-0.021320206233247534,-0.87291091184733,1.0,1.0,0.0,0.0,0.0,0.0,1.0,0.0,1
0.47887470434143975,-0.8033619341317975,-0.47456734577436527,0.7485247870996988,1.210710594086589,-0.7703975381852631,-0.021320206233247534,-0.21411022366066584,1.0,0.0,0.0,0.0,0.0,1.0,1.0,0.0,0
0.1485023660582803,0.3477238222361511,0.2513472126798188,-0.05616529455502511,1.210710594086589,0.8643982988126429,-1.3005325802280965,0.06684889336011746,0.0,0.0,1.0,0.0,1.0,0.0,0.0,0.0,0
-1.0408380517610936,1.1151143264814503,0.9396648162180319,-0.016683623402912105,-0.007614532038280543,-0.7703975381852631,0.1918818560992273,-0.6403930218990956,0.0,0.0,0.0,1.0,0.0,1.0,1.0,0.0,0
0.21457683371491218,0.3477238222361511,0.4857689814505096,0.31188168733806465,-0.007614532038280543,0.8643982988126429,-0.660926393230672,1.723538859241288,1.0,0.0,0.0,1.0,0.0,1.0,1.0,0.0,0
1.2056938485643904,1.4988095786040998,0.9315614468827407,-0.3722289523000335,1.210710594086589,0.8643982988126429,0.4761512725425271,-0.1559807511736072,1.0,0.0,0.0,0.0,0.0,1.0,0.0,0.0,0
-0.5122423105080385,-1.187057186254447,-0.7691415636108299,1.3054529249386089,-0.007614532038280543,-0.7703975381852631,-1.798004059003871,-1.4445173913034064,1.0,1.0,0.0,0.0,0.0,1.0,1.0,0.0,0
1.0735449132511268,0.3477238222361511,0.13072085857463994,-0.2455511429683016,1.210710594086589,-0.7703975381852631,-0.16345491445489743,-0.45631635902341006,1.0,0.0,0.0,1.0,0.0,0.0,0.0,0.0,0
-1.6355082606707805,1.4988095786040998,1.906403474917732,0.6481190245461503,-0.007614532038280543,0.8643982988126429,-0.09238756034407247,0.6965848453032524,1.0,0.0,0.0,0.0,1.0,0.0,1.0,0.0,0
-0.1818699722248791,-1.187057186254447,-0.9245387388638042,0.5735226740089495,-0.007614532038280543,0.8643982988126429,-1.798004059003871,-0.18504548741713653,1.0,0.0,0.0,1.0,0.0,0.0,0.0,0.0,1
-0.5783167781646704,-0.035971429886498395,0.2879128296803896,0.6295435378966883,1.210710594086589,0.8643982988126429,-0.021320206233247534,-0.5822635494120371,0.0,0.0,1.0,0.0,0.0,1.0,0.0,1.0,0
1.1396193809077586,-1.5707524383770965,-1.356629143419997,0.21695744575050874,1.210710594086589,0.8643982988126429,-0.731993747341497,1.0356734348110943,1.0,0.0,0.0,0.0,0.0,1.0,1.0,0.0,1
0.7431725749679673,-0.8033619341317975,-1.2785153418275694,-1.7759048774150918,-0.007614532038280543,0.8643982988126429,1.6132289383157261,-0.08816303327203884,1.0,0.0,0.0,0.0,0.0,1.0,1.0,0.0,0
0.346725769028176,-1.5707524383770965,-1.2193540486804924,1.5101057204924624,1.210710594086589,0.8643982988126429,0.4761512725425271,1.7332271046557977,1.0,0.0,0.0,0.0,1.0,0.0,0.0,1.0,0
-0.04972103691161534,1.1151143264814503,1.3895290573162602,0.5130384361121378,-1.22593965816315,-0.7703975381852631,0.12081450198840235,-0.10753952410105838,1.0,0.0,1.0,0.0,1.0,0.0,0.0,0.0,0
-1.437284857700885,-0.4196666820091479,-0.6680436599037578,-0.6793132898948676,1.210710594086589,0.8643982988126429,1.3289595218724264,-0.6597695127281152,1.0,0.0,0.0,0.0,0.0,0.0,1.0,0.0,0
1.7342895898174455,1.4988095786040998,1.3446859489946819,0.060180338429044425,-0.007614532038280543,0.8643982988126429,-0.16345491445489743,1.6266564050961902,0.0,0.0,0.0,0.0,0.0,1.0,0.0,0.0,1
-1.1069125194177254,1.1151143264814503,1.1722783951370463,0.2572224416698208,-0.007614532038280543,-0.7703975381852631,0.6893533348750019,0.5997023911581547,1.0,0.0,1.0,0.0,1.0,0.0,0.0,1.0,0
0.1485023660582803,1.1151143264814503,0.6058327876018338,-0.40977596899356056,1.210710594086589,-0.7703975381852631,-0.8741284555631469,0.967855716909526,0.0,0.0,0.0,1.0,0.0,1.0,1.0,0.0,0
0.2806513013715441,1.4988095786040998,1.4324434297960507,0.1520343675062355,-1.22593965816315,-0.7703975381852631,1.6132289383157261,0.7353378269612915,1.0,0.0,1.0,0.0,0.0,0.0,0.0,0.0,0
1.4039172515342861,-1.187057186254447,-1.0846506017300388,-0.18061404548882135,1.210710594086589,0.8643982988126429,-1.5137346425605713,-0.3981868865363514,1.0,1.0,0.0,0.0,0.0,0.0,0.0,0.0,1
-0.11579550456824722,1.4988095786040998,0.3150490714544394,-1.0175203296495565,-0.007614532038280543,-0.7703975381852631,0.04974714787757741,1.7816683317283466,0.0,0.0,1.0,0.0,1.0,0.0,1.0,0.0,0
0.47887470434143975,-1.5707524383770965,-1.3288767776964872,0.4783881438932867,1.210710594086589,-0.7703975381852631,-0.8741284555631469,-0.5338223223394882,1.0,0.0,0.0,1.0,0.0,0.0,0.0,0.0,0
-0.38009337519477476,1.1151143264814503,-0.12068450080290907,-1.2652612446125602,-0.007614532038280543,-0.7703975381852631,-0.16345491445489743,-1.134493538039094,0.0,0.0,0.0,0.0,1.0,0.0,1.0,0.0,1
-1.1069125194177254,1.1151143264814503,1.6598065611457522,0.8312943517626632,-1.22593965816315,-0.7703975381852631,1.4000268759832513,1.6363446505107,0.0,0.0,0.0,0.0,0.0,1.0,0.0,1.0,0
-1.1729869870743574,0.7314190743588007,1.230703018344551,0.821200502413521,-0.007614532038280543,0.8643982988126429,0.12081450198840235,-0.7178989852151738,0.0,0.0,1.0,0.0,1.0,0.0,0.0,0.0,0
-0.11579550456824722,0.3477238222361511,0.8843476007556303,0.937658289279247,-1.22593965816315,-0.7703975381852631,-1.3005325802280965,1.6266564050961902,0.0,1.0,0.0,0.0,0.0,0.0,1.0,0.0,0
-0.776540181134566,1.4988095786040998,2.777107161495055,1.5594674476568082,-0.007614532038280543,0.8643982988126429,0.618285980764177,1.4232032513914852,0.0,0.0,1.0,0.0,0.0,1.0,0.0,1.0,0
-0.5122423105080385,0.3477238222361511,-0.05241528840294298,-0.5330786474491733,1.210710594086589,0.8643982988126429,1.4710942300940764,0.1152901204326663,0.0,1.0,0.0,0.0,0.0,0.0,1.0,0.0,0
-1.6355082606707805,-0.035971429886498395,0.2350735040147299,0.5299929486907748,1.210710594086589,-0.7703975381852631,0.618285980764177,0.1831078383342347,1.0,0.0,1.0,0.0,0.0,1.0,0.0,1.0,0
-0.9086891164478298,-1.5707524383770965,-1.664999180124809,-2.6879262238156922,1.210710594086589,0.8643982988126429,-0.23452226856572236,-1.1054288017955645,0.0,1.0,0.0,0.0,0.0,1.0,0.0,1.0,0
0.21457683371491218,-1.187057186254447,-1.355276349530965,-1.4552779586101587,-0.007614532038280543,0.8643982988126429,-0.9451958096739718,0.5318846732565864,1.0,1.0,0.0,0.0,0.0,1.0,1.0,0.0,0
0.7431725749679673,1.4988095786040998,1.1581075442994626,-0.13510760800643934,-1.22593965816315,-0.7703975381852631,1.4710942300940764,-1.6867235266661507,1.0,0.0,0.0,0.0,0.0,1.0,1.0,0.0,0
0.01635343074501654,-1.5707524383770965,-1.5346086008205764,-1.4596309311419762,-0.007614532038280543,0.8643982988126429,-0.660926393230672,-0.5628870585830175,0.0,1.0,0.0,0.0,0.0,0.0,0.0,1.0,0
0.47887470434143975,-0.4196666820091479,-0.1810110718544001,0.46766342895982305,-0.007614532038280543,-0.7703975381852631,0.3340165643208772,1.2197500976867799,0.0,0.0,0.0,0.0,1.0,0.0,0.0,1.0,0
1.1396193809077586,1.1151143264814503,1.4564052938304908,0.5917862326750539,1.210710594086589,0.8643982988126429,-1.1583978720064467,0.5221964278420765,0.0,0.0,1.0,0.0,0.0,1.0,1.0,0.0,0
-0.7104657134779342,-0.4196666820091479,0.07320702729242376,1.0663548684808073,1.210710594086589,0.8643982988126429,0.6893533348750019,-0.4756928498524296,1.0,0.0,1.0,0.0,0.0,0.0,0.0,1.0,0
-0.1818699722248791,1.1151143264814503,0.40602111199212243,-0.6450572886662173,-0.007614532038280543,-0.7703975381852631,0.1918818560992273,-0.1947337328316463,0.0,0.0,1.0,0.0,0.0,0.0,1.0,0.0,0
0.21457683371491218,0.3477238222361511,-0.14235599102522534,-0.6742873940731072,-1.22593965816315,-0.7703975381852631,-0.731993747341497,0.23154906540678352,0.0,0.0,1.0,0.0,0.0,0.0,0.0,0.0,0
-0.3140189075381429,-0.4196666820091479,-0.256258557681948,0.29045328632394873,-0.007614532038280543,-0.7703975381852631,0.4761512725425271,-0.1366042603445877,1.0,0.0,1.0,0.0,1.0,0.0,0.0,1.0,1
-0.44616784285140665,1.4988095786040998,1.5914301967545756,0.3184426894150074,-0.007614532038280543,-0.7703975381852631,-0.8741284555631469,1.2100618522722701,0.0,0.0,0.0,0.0,0.0,0.0,0.0,0.0,0
-1.371210390044253,-0.4196666820091479,-0.6407466901428923,-0.6150280868525195,1.210710594086589,0.8643982988126429,-1.3715999343389216,-0.4660046044379198,1.0,0.0,1.0,0.0,0.0,0.0,1.0,0.0,0
-0.1818699722248791,-1.187057186254447,-1.2587324054503375,-1.000550045431312,1.210710594086589,0.8643982988126429,0.4761512725425271,-1.6964117720806604,0.0,1.0,0.0,0.0,1.0,0.0,0.0,1.0,0
0.6770981073113354,-0.4196666820091479,0.07947541877823594,1.0811171231539276,-1.22593965816315,-0.7703975381852631,-1.6558693507822213,-0.49506934068144914,1.0,0.0,0.0,1.0,0.0,0.0,0.0,0.0,1
-0.38009337519477476,-0.4196666820091479,-0.6775132171269825,-0.7016143883006284,-0.007614532038280543,-0.7703975381852631,-0.021320206233247534,-1.0763640655520352,0.0,0.0,0.0,0.0,0.0,0.0,0.0,1.0,0
-1.1729869870743574,-1.5707524383770965,-1.6493683834069823,-2.540682196435083,1.210710594086589,2.4991941358105487,0.9025553972074768,-1.1441817834536037,1.0,1.0,0.0,0.0,1.0,0.0,0.0,1.0,0
-1.1069125194177254,1.1151143264814503,0.6810534854315787,-0.32120244095483985,-1.22593965816315,-0.7703975381852631,-1.5137346425605713,-0.4660046044379198,0.0,0.0,0.0,1.0,1.0,0.0,1.0,0.0,1
-0.776540181134566,-0.8033619341317975,-1.0126578576355088,-0.9411014785354277,-1.22593965816315,-0.7703975381852631,-0.23452226856572236,0.8806615081789381,0.0,0.0,0.0,1.0,1.0,0.0,1.0,0.0,1
-1.305135922387621,-1.5707524383770965,-1.3353728671636214,0.4171941822141131,-1.22593965816315,-0.7703975381852631,0.4761512725425271,1.3166325518318776,1.0,0.0,0.0,0.0,0.0,1.0,0.0,0.0,0
-1.6355082606707805,0.7314190743588007,0.9525900251577941,0.44693498833212114,-1.22593965816315,-0.7703975381852631,0.26294921021005224,-0.16566899658811698,0.0,1.0,0.0,0.0,1.0,0.0,0.0,0.0,0
-1.1069125194177254,0.7314190743588007,0.34073876134714776,-0.3764527475931566,-0.007614532038280543,-0.7703975381852631,0.4761512725425271,-0.5919517948265468,0.0,0.0,0.0,1.0,0.0,1.0,0.0,0.0,0
-0.6443912458213022,1.1151143264814503,0.9133188203791591,-0.04770643851191581,-0.007614532038280543,-0.7703975381852631,1.1868248136507764,-1.4832703729614456,1.0,0.0,0.0,1.0,0.0,1.0,0.0,1.0,0
-0.6443912458213022,1.1151143264814503,1.4298583880080984,0.5605268429719296,1.210710594086589,0.8643982988126429,-0.09238756034407247,-0.06878654244301931,1.0,0.0,0.0,0.0,1.0,0.0,1.0,0.0,0
-0.9086891164478298,-1.187057186254447,-0.8018631029267251,1.1513324626888966,1.210710594086589,0.8643982988126429,-0.3055896226765473,-0.17535724200262676,0.0,0.0,1.0,0.0,0.0,1.0,1.0,0.0,1
-1.371210390044253,-0.8033619341317975,-0.5534579993030688,0.5008049009895059,1.210710594086589,2.4991941358105487,-1.798004059003871,0.5609494095001156,1.0,0.0,0.0,1.0,0.0,0.0,1.0,0.0,1
0.9413959779378629,1.4988095786040998,1.3983824905900248,0.11638345237447466,-1.22593965816315,-0.7703975381852631,-1.1583978720064467,0.5318846732565864,0.0,0.0,0.0,0.0,0.0,0.0,1.0,0.0,0
0.21457683371491218,0.3477238222361511,0.5346570774402838,0.3886370000971657,-0.007614532038280543,-0.7703975381852631,-0.23452226856572236,-0.9407286297488985,0.0,0.0,0.0,0.0,1.0,0.0,1.0,0.0,0
1.337842783877654,-1.187057186254447,-0.9517687386301631,0.4452677007164145,-0.007614532038280543,-0.7703975381852631,0.4761512725425271,0.30905502872286167,1.0,1.0,0.0,0.0,0.0,1.0,0.0,1.0,0
0.08242789840164842,1.1151143264814503,1.3807961700326075,0.5027553270876995,-1.22593965816315,-0.7703975381852631,0.9025553972074768,1.0356734348110943,1.0,0.0,0.0,0.0,0.0,0.0,1.0,0.0,0
-0.9747635841044617,-0.4196666820091479,-0.007478422089054739,0.87633815448321,1.210710594086589,0.8643982988126429,0.12081450198840235,-0.4756928498524296,0.0,0.0,0.0,0.0,0.0,1.0,0.0,1.0,0
1.4039172515342861,-1.187057186254447,-0.8965452811600707,0.7053735811321167,1.210710594086589,0.8643982988126429,1.1868248136507764,-0.36912215029282214,1.0,0.0,1.0,0.0,0.0,1.0,0.0,0.0,1
1.6021406545041816,0.7314190743588007,0.49131409699565126,-0.1738187219091311,1.210710594086589,-0.7703975381852631,-1.3005325802280965,-0.5531988131685077,0.0,0.0,0.0,1.0,0.0,0.0,1.0,0.0,0
0.1485023660582803,1.4988095786040998,2.0200247675975267,0.7670441968083329,-0.007614532038280543,-0.7703975381852631,0.04974714787757741,-1.1248052926245842,1.0,1.0,0.0,0.0,1.0,0.0,0.0,0.0,1
1.7342895898174455,-0.8033619341317975,-1.0319452160533922,-1.0016645746302795,-1.22593965816315,-0.7703975381852631,-1.5137346425605713,1.2488148339303093,0.0,0.0,0.0,0.0,0.0,1.0,1.0,0.0,0
0.6770981073113354,1.1151143264814503,0.9895976441221077,0.04211304905583996,1.210710594086589,0.8643982988126429,-0.8030611014523219,-1.7254765083241899,0.0,1.0,0.0,0.0,0.0,0.0,0.0,1.0,0
1.0735449132511268,1.4988095786040998,1.9338209906687092,0.6768163990151692,-0.007614532038280543,0.8643982988126429,1.5421615842049012,-0.5047575860959589,0.0,0.0,0.0,1.0,1.0,0.0,0.0,0.0,1
-0.44616784285140665,0.7314190743588007,1.1015982629348444,0.6474601204914148,1.210710594086589,0.8643982988126429,-0.3055896226765473,-0.9891698568214473,0.0,0.0,0.0,0.0,0.0,1.0,1.0,0.0,0
0.6110236396547035,1.4988095786040998,0.32935386228103636,-1.0025477864483292,-0.007614532038280543,0.8643982988126429,0.618285980764177,1.597591668852661,0.0,0.0,0.0,0.0,0.0,1.0,0.0,0.0,0
1.7342895898174455,0.3477238222361511,0.19723545711853507,-0.14112185991030302,-0.007614532038280543,0.8643982988126429,0.26294921021005224,-0.3497456594638026,0.0,1.0,0.0,0.0,0.0,1.0,1.0,0.0,0
0.346725769028176,-1.5707524383770965,-1.5964620877468163,-2.0422983848211977,-1.22593965816315,-0.7703975381852631,1.5421615842049012,-0.7566519668732129,0.0,0.0,1.0,0.0,0.0,1.0,0.0,1.0,1
1.2056938485643904,-1.5707524383770965,-1.4654152024964198,-0.8078206094211317,-1.22593965816315,-0.7703975381852631,1.2578921677616015,-1.7448529991532093,1.0,0.0,0.0,1.0,1.0,0.0,0.0,1.0,0
-0.44616784285140665,-0.035971429886498395,0.42012499283519994,0.87863450521014,1.210710594086589,2.4991941358105487,0.4761512725425271,1.0647381710546235,1.0,0.0,0.0,1.0,0.0,1.0,0.0,1.0,0
1.337842783877654,0.7314190743588007,0.29325703524201147,-0.4403504189194212,-0.007614532038280543,-0.7703975381852631,0.26294921021005224,-0.6016400402410566,1.0,0.0,0.0,1.0,0.0,0.0,1.0,0.0,0
-0.11579550456824722,-1.5707524383770965,-1.2380118891500143,1.3343465687005274,-0.007614532038280543,-0.7703975381852631,0.6893533348750019,0.15404310209070537,0.0,0.0,0.0,0.0,0.0,0.0,1.0,0.0,0
-1.5694337930141486,-0.035971429886498395,0.2187462193540355,0.49923194279926475,1.210710594086589,2.4991941358105487,-0.731993747341497,0.6965848453032524,1.0,0.0,0.0,0.0,0.0,0.0,1.0,0.0,0
-1.2390614547309893,-0.8033619341317975,-0.5428767401710356,0.5340304884304315,-1.22593965816315,-0.7703975381852631,0.8314880430966518,-1.2410642375987013,1.0,0.0,0.0,0.0,1.0,0.0,0.0,1.0,0
1.1396193809077586,-0.8033619341317975,0.005058360882569321,2.254569167697306,1.210710594086589,0.8643982988126429,-0.23452226856572236,-0.7566519668732129,1.0,1.0,0.0,0.0,0.0,0.0,1.0,0.0,0
1.5360661868475498,-0.035971429886498395,-0.03283326200923098,0.025250011986929246,-1.22593965816315,-0.7703975381852631,0.7604206889858268,1.4232032513914852,1.0,0.0,0.0,1.0,0.0,1.0,1.0,0.0,1
0.346725769028176,1.1151143264814503,1.1540223746345635,0.23572569688406977,1.210710594086589,-0.7703975381852631,0.7604206889858268,1.7332271046557977,0.0,0.0,0.0,1.0,0.0,1.0,0.0,1.0,0
-0.5783167781646704,-1.187057186254447,-0.9168505834944534,0.6097343585489972,-0.007614532038280543,0.8643982988126429,0.12081450198840235,-1.5995293179355627,0.0,0.0,0.0,1.0,0.0,0.0,0.0,0.0,0
0.08242789840164842,0.7314190743588007,0.6589132052477171,0.05172473685125089,-0.007614532038280543,-0.7703975381852631,-0.8741284555631469,-0.8922874026763497,1.0,0.0,1.0,0.0,1.0,0.0,0.0,0.0,1
0.6770981073113354,-0.035971429886498395,0.06764851774838085,0.21456015653008756,-1.22593965816315,-0.7703975381852631,-1.5848019966713962,0.8806615081789381,0.0,0.0,0.0,0.0,1.0,0.0,0.0,0.0,0
1.6021406545041816,0.7314190743588007,-0.4199466182548317,-1.4001312941749802,-0.007614532038280543,0.8643982988126429,0.9025553972074768,-0.795404948531252,0.0,0.0,0.0,1.0,0.0,1.0,0.0,1.0,0
1.1396193809077586,1.4988095786040998,0.6557522215070083,-0.6609130436854944,1.210710594086589,0.8643982988126429,0.4761512725425271,-1.1829347651116426,0.0,0.0,0.0,1.0,0.0,1.0,0.0,1.0,0
-1.0408380517610936,0.7314190743588007,0.2504498147534311,-0.4979574591334537,-1.22593965816315,-0.7703975381852631,0.3340165643208772,-0.6597695127281152,0.0,0.0,0.0,0.0,0.0,0.0,0.0,1.0,0
1.2717683162210223,-0.8033619341317975,-1.0144392594893827,-0.9466951533830772,1.210710594086589,-0.7703975381852631,-0.9451958096739718,-0.3981868865363514,0.0,0.0,0.0,0.0,1.0,0.0,1.0,0.0,0
-0.776540181134566,1.1151143264814503,1.520495578573249,0.6672535281994982,1.210710594086589,0.8643982988126429,0.6893533348750019,-0.35943390487831234,1.0,0.0,0.0,1.0,0.0,0.0,0.0,0.0,0
-1.2390614547309893,-0.035971429886498395,0.11042895023915836,0.2951595435829861,1.210710594086589,0.8643982988126429,-1.1583978720064467,1.684785877583249,0.0,1.0,0.0,0.0,0.0,1.0,0.0,0.0,0
0.8753215102812311,-1.5707524383770965,-1.5134728705543123,-1.2605297527301502,1.210710594086589,0.8643982988126429,1.4710942300940764,0.018407666287568614,1.0,1.0,0.0,0.0,0.0,1.0,1.0,0.0,0
0.9413959779378629,-1.187057186254447,-1.3997712138811096,-1.664851505721719,-0.007614532038280543,-0.7703975381852631,0.3340165643208772,0.37687274662443004,0.0,1.0,0.0,0.0,0.0,0.0,0.0,1.0,0
-1.1069125194177254,0.7314190743588007,0.744085644261134,0.16634400115695414,-1.22593965816315,-0.7703975381852631,-0.021320206233247534,-1.5995293179355627,1.0,1.0,0.0,0.0,1.0,0.0,0.0,0.0,0
-0.776540181134566,-0.035971429886498395,0.03145793271704724,0.14637620417663344,-1.22593965816315,-0.7703975381852631,-0.8741284555631469,-1.4735821275469358,1.0,0.0,1.0,0.0,0.0,1.0,0.0,0.0,1
-1.1729869870743574,-1.5707524383770965,-1.6578467847115101,-2.6205497794101693,1.210710594086589,0.8643982988126429,-1.5848019966713962,-1.2410642375987013,0.0,1.0,0.0,0.0,0.0,1.0,0.0,0.0,0
-0.5783167781646704,-1.5707524383770965,-1.0587867898516132,3.02266904546139,-0.007614532038280543,-0.7703975381852631,0.4761512725425271,1.045361680225604,1.0,0.0,0.0,1.0,1.0,0.0,1.0,0.0,0
-0.1818699722248791,-0.8033619341317975,-0.9843965199537491,-0.8523597196742208,1.210710594086589,0.8643982988126429,1.4710942300940764,-0.7372754760441933,0.0,0.0,0.0,1.0,0.0,1.0,0.0,1.0,0
-0.6443912458213022,1.1151143264814503,0.5615656212330112,-0.4619012378981141,-1.22593965816315,-0.7703975381852631,-0.9451958096739718,-0.7566519668732129,1.0,0.0,0.0,1.0,1.0,0.0,0.0,1.0,0
0.01635343074501654,0.7314190743588007,1.1412578936816173,0.7008313489250033,-0.007614532038280543,-0.7703975381852631,1.5421615842049012,0.7256495815467817,1.0,1.0,0.0,0.0,1.0,0.0,0.0,1.0,0
-1.1069125194177254,0.7314190743588007,0.1267026589042476,-0.6644879486633155,1.210710594086589,2.4991941358105487,1.0446901054291267,1.297256061002858,0.0,0.0,0.0,0.0,0.0,1.0,1.0,0.0,0
0.6770981073113354,1.1151143264814503,0.8594481567980987,-0.11113997301543006,1.210710594086589,0.8643982988126429,0.547218626653352,1.3069443064173678,1.0,0.0,0.0,1.0,0.0,0.0,1.0,0.0,0
-1.2390614547309893,1.1151143264814503,1.716329236509272,0.8978506709085686,-0.007614532038280543,0.8643982988126429,1.1868248136507764,-1.1248052926245842,0.0,1.0,0.0,0.0,0.0,1.0,0.0,0.0,1
-0.5122423105080385,-1.5707524383770965,-1.1604472415125402,2.0650150884615437,-0.007614532038280543,-0.7703975381852631,0.618285980764177,0.13466661126168583,1.0,0.0,1.0,0.0,0.0,1.0,0.0,0.0,0
-1.1729869870743574,-0.035971429886498395,-0.21872857276048296,-0.32498132580492445,-1.22593965816315,-0.7703975381852631,0.12081450198840235,0.25092555623580304,0.0,0.0,1.0,0.0,0.0,1.0,0.0,1.0,0
-0.3140189075381429,-1.187057186254447,-1.193985814761415,-0.6955896219703593,-1.22593965816315,-0.7703975381852631,0.3340165643208772,-1.502646863790465,1.0,0.0,0.0,1.0,0.0,1.0,0.0,0.0,0
0.01635343074501654,-0.035971429886498395,-0.37032185232548587,-0.6105867931388971,1.210710594086589,0.8643982988126429,0.26294921021005224,0.3671845012099203,1.0,0.0,0.0,0.0,0.0,0.0,1.0,0.0,0
-1.5033593253575168,0.3477238222361511,0.3187592091501017,0.04967292164129139,1.210710594086589,0.8643982988126429,0.4050839184317021,-0.9794816114069376,0.0,0.0,1.0,0.0,0.0,0.0,0.0,0.0,0
-0.5783167781646704,-1.5707524383770965,-1.4857338988297037,-0.9992252277042368,-1.22593965816315,-0.7703975381852631,-0.9451958096739718,-1.4542056367179161,0.0,1.0,0.0,0.0,0.0,0.0,0.0,1.0,0
1.6682151221608137,0.7314190743588007,0.2438867552917904,-0.5067895773139524,-1.22593965816315,-0.7703975381852631,1.0446901054291267,-0.6403930218990956,1.0,1.0,0.0,0.0,1.0,0.0,0.0,0.0,0
1.337842783877654,-0.035971429886498395,0.24337778333354085,0.545638415181945,1.210710594086589,2.4991941358105487,0.547218626653352,0.5221964278420765,0.0,0.0,1.0,0.0,0.0,0.0,0.0,0.0,0
-0.11579550456824722,-0.035971429886498395,0.3330907879745012,0.7146599225333279,-1.22593965816315,-0.7703975381852631,-1.3005325802280965,-0.6403930218990956,1.0,0.0,0.0,1.0,1.0,0.0,0.0,1.0,1
-0.04972103691161534,-1.187057186254447,-1.2248589822289297,-0.8410041391564362,1.210710594086589,0.8643982988126429,1.1157574595399515,-0.08816303327203884,1.0,0.0,0.0,1.0,0.0,1.0,0.0,0.0,0
-1.371210390044253,1.1151143264814503,1.4231613885574443,0.5526410231679123,-0.007614532038280543,0.8643982988126429,-0.09238756034407247,-1.0279228384794865,1.0,0.0,1.0,0.0,0.0,0.0,1.0,0.0,0
0.7431725749679673,-1.5707524383770965,-1.2488610282600736,1.232146344040465,-1.22593965816315,-0.7703975381852631,0.4761512725425271,0.7256495815467817,0.0,1.0,0.0,0.0,0.0,0.0,1.0,0.0,0
1.2717683162210223,-1.187057186254447,-1.0796412461409497,-0.1570196726352019,-1.22593965816315,-0.7703975381852631,-1.1583978720064467,-0.08816303327203884,0.0,0.0,0.0,0.0,0.0,0.0,1.0,0.0,0
1.6021406545041816,-0.8033619341317975,-0.955197602348898,-0.7606739214195145,1.210710594086589,-0.7703975381852631,0.9736227513183017,-1.6673470358371312,0.0,1.0,0.0,0.0,0.0,0.0,0.0,1.0,0
-0.11579550456824722,1.4988095786040998,1.5042218699081598,0.22716344898130839,-0.007614532038280543,0.8643982988126429,0.547218626653352,-1.3670114279873282,1.0,0.0,0.0,0.0,0.0,0.0,0.0,0.0,0
0.346725769028176,1.1151143264814503,0.6045871457040121,-0.4112427314771079,1.210710594086589,2.4991941358105487,1.2578921677616015,0.19279608374874446,1.0,0.0,0.0,0.0,0.0,1.0,0.0,1.0,0
0.01635343074501654,1.4988095786040998,1.9933037397894178,0.7390758225700856,-1.22593965816315,-0.7703975381852631,0.4761512725425271,1.6944741229977587,1.0,0.0,1.0,0.0,0.0,0.0,0.0,1.0,0
-0.3140189075381429,-1.5707524383770965,-1.628808595093475,-2.3470064620484212,-0.007614532038280543,0.8643982988126429,-1.5137346425605713,1.093802907298153,0.0,0.0,0.0,1.0,1.0,0.0,0.0,0.0,0
0.5449491719980716,-1.5707524383770965,-1.262013935181158,1.1082443432797473,1.210710594086589,2.4991941358105487,1.3289595218724264,1.258503079344819,1.0,0.0,0.0,0.0,1.0,0.0,1.0,0.0,0
0.8092470426245991,-1.5707524383770965,-1.110460837612859,2.5358931605990174,1.210710594086589,2.4991941358105487,0.04974714787757741,-0.10753952410105838,0.0,1.0,0.0,0.0,0.0,0.0,1.0,0.0,0
-0.11579550456824722,-0.8033619341317975,-1.1888291251844116,-1.49428648057403,-1.22593965816315,-0.7703975381852631,-1.3005325802280965,0.8322202811063892,0.0,0.0,0.0,1.0,1.0,0.0,1.0,0.0,1
0.1485023660582803,0.7314190743588007,0.5213970185279888,-0.13333517612667925,-1.22593965816315,-0.7703975381852631,-1.3715999343389216,0.7547143177903111,0.0,0.0,0.0,1.0,0.0,0.0,1.0,0.0,0
0.2806513013715441,1.4988095786040998,1.1885654978010365,-0.10322786714539951,-1.22593965816315,-0.7703975381852631,-0.3055896226765473,-1.551088090863014,0.0,1.0,0.0,0.0,0.0,1.0,0.0,1.0,0
0.5449491719980716,-0.4196666820091479,-0.08285984790561586,0.6988125790551746,-1.22593965816315,-0.7703975381852631,1.4000268759832513,-1.2895054646712503,0.0,0.0,1.0,0.0,1.0,0.0,0.0,1.0,0
1.7342895898174455,1.1151143264814503,0.8561666270672782,-0.11500402471939855,-1.22593965816315,-0.7703975381852631,0.12081450198840235,0.086225384189137,1.0,0.0,0.0,1.0,0.0,0.0,1.0,0.0,1
1.7342895898174455,-0.4196666820091479,-0.23403791350467798,0.3427835865434072,-0.007614532038280543,-0.7703975381852631,-1.2294652261172716,-1.6092175633500725,1.0,0.0,0.0,0.0,1.0,0.0,0.0,1.0,0
-0.1818699722248791,-0.4196666820091479,-0.616972342093071,-0.559038766243998,-1.22593965816315,-0.7703975381852631,0.3340165643208772,-1.6673470358371312,1.0,1.0,0.0,0.0,0.0,0.0,1.0,0.0,0
-1.1729869870743574,0.3477238222361511,0.46578513508975844,0.2805066389444822,1.210710594086589,2.4991941358105487,-1.5848019966713962,-1.086052310966545,1.0,0.0,0.0,0.0,1.0,0.0,0.0,0.0,1
1.0735449132511268,0.3477238222361511,0.8541843152298849,0.8903013127495226,-0.007614532038280543,0.8643982988126429,-1.5137346425605713,0.2412373108212933,0.0,1.0,0.0,0.0,0.0,1.0,0.0,1.0,1
1.6021406545041816,-0.035971429886498395,-0.2273944900496292,-0.34130812712716174,1.210710594086589,0.8643982988126429,-0.9451958096739718,1.6944741229977587,0.0,1.0,0.0,0.0,1.0,0.0,0.0,0.0,0
-1.0408380517610936,1.4988095786040998,1.2568079222032,-0.03179986376501295,-1.22593965816315,-0.7703975381852631,-1.4426672884497465,-1.7351647537386996,0.0,0.0,0.0,1.0,1.0,0.0,0.0,0.0,0
-1.6355082606707805,-0.8033619341317975,-1.3762111698137092,-2.0826737822177654,-1.22593965816315,-0.7703975381852631,-0.23452226856572236,1.6266564050961902,1.0,1.0,0.0,0.0,1.0,0.0,1.0,0.0,0
-0.38009337519477476,1.4988095786040998,1.582000821528055,0.3085731478291796,1.210710594086589,0.8643982988126429,1.4710942300940764,1.0744264164691335,1.0,0.0,0.0,1.0,1.0,0.0,1.0,0.0,0
0.7431725749679673,0.3477238222361511,0.4770762761635608,0.29823396186391243,-0.007614532038280543,-0.7703975381852631,0.618285980764177,0.5512611640856059,0.0,1.0,0.0,0.0,0.0,0.0,0.0,0.0,0
-0.5122423105080385,1.1151143264814503,1.1612417400423682,0.2442266106328001,-0.007614532038280543,-0.7703975381852631,0.547218626653352,1.5007092147075631,1.0,0.0,0.0,1.0,0.0,1.0,0.0,0.0,0
-0.3140189075381429,0.3477238222361511,-0.6321745308460552,-1.443312541360863,-1.22593965816315,-0.7703975381852631,0.8314880430966518,-1.3476349371583087,1.0,0.0,0.0,1.0,0.0,1.0,1.0,0.0,0
1.5360661868475498,-0.035971429886498395,0.4512392522829382,0.9372545353052816,-1.22593965816315,-0.7703975381852631,0.547218626653352,-0.11722776951556815,1.0,0.0,1.0,0.0,1.0,0.0,0.0,0.0,1
-1.437284857700885,-0.035971429886498395,-0.1267921643019057,-0.1517708709736481,1.210710594086589,0.8643982988126429,-1.0873305178956216,-0.5919517948265468,0.0,0.0,0.0,1.0,1.0,0.0,0.0,1.0,0
1.1396193809077586,1.1151143264814503,0.09652597937960092,-1.0094925650890672,-0.007614532038280543,0.8643982988126429,-1.4426672884497465,0.2412373108212933,1.0,0.0,0.0,1.0,0.0,1.0,0.0,1.0,1
-1.5694337930141486,1.4988095786040998,2.8222449377924628,1.6067122703048757,-0.007614532038280543,-0.7703975381852631,0.4050839184317021,-0.14629250575909744,0.0,0.0,0.0,1.0,0.0,1.0,0.0,1.0,0
-0.3140189075381429,1.4988095786040998,1.8021311934710502,0.5389792784585528,1.210710594086589,-0.7703975381852631,0.618285980764177,1.549150441780112,1.0,0.0,1.0,0.0,0.0,1.0,0.0,1.0,1
0.7431725749679673,0.3477238222361511,-0.02205109289367788,-0.4854062381272881,-0.007614532038280543,0.8643982988126429,0.547218626653352,0.9969204531530552,0.0,0.0,0.0,0.0,0.0,1.0,0.0,0.0,0
-1.371210390044253,0.7314190743588007,-0.38916720877962613,-1.3587104623815367,-1.22593965816315,-0.7703975381852631,1.1868248136507764,0.7934672994483501,1.0,0.0,0.0,0.0,1.0,0.0,0.0,0.0,0
-0.5783167781646704,0.7314190743588007,1.139516673824447,0.6984881338975235,-0.007614532038280543,-0.7703975381852631,0.12081450198840235,-0.7082107398006641,1.0,0.0,1.0,0.0,0.0,1.0,0.0,0.0,0
1.5360661868475498,-0.4196666820091479,-0.6967737875470633,-0.7469736238133352,1.210710594086589,0.8643982988126429,-1.5137346425605713,-0.4369398681943905,0.0,0.0,0.0,1.0,1.0,0.0,1.0,0.0,0
1.469991719190918,0.7314190743588007,0.4624768173611354,-0.21262596771038575,1.210710594086589,0.8643982988126429,0.547218626653352,-0.960105120577918,0.0,0.0,0.0,1.0,1.0,0.0,0.0,0.0,0
-0.9747635841044617,-1.5707524383770965,-1.1855074134568873,1.8289451868084847,-1.22593965816315,-0.7703975381852631,0.4761512725425271,0.19279608374874446,0.0,1.0,0.0,0.0,0.0,1.0,0.0,0.0,1
1.337842783877654,0.3477238222361511,-0.2381900531640836,-0.8247488359337556,-1.22593965816315,-0.7703975381852631,-1.0162631637847968,-1.3766996734018382,1.0,0.0,0.0,0.0,0.0,0.0,1.0,0.0,0
1.0074704455944947,0.7314190743588007,1.0502724591450323,0.5783893513737146,1.210710594086589,0.8643982988126429,0.9736227513183017,1.2197500976867799,0.0,0.0,0.0,1.0,1.0,0.0,1.0,0.0,0
0.346725769028176,0.3477238222361511,0.2734740988647794,-0.02142562971172812,-0.007614532038280543,-0.7703975381852631,1.2578921677616015,-1.4445173913034064,1.0,0.0,0.0,1.0,0.0,1.0,0.0,1.0,1
0.1485023660582803,-0.035971429886498395,0.2851000899111148,0.6242442669883885,-1.22593965816315,-0.7703975381852631,0.8314880430966518,1.7332271046557977,0.0,0.0,0.0,0.0,1.0,0.0,1.0,0.0,0
1.2056938485643904,-0.4196666820091479,-0.4057623734183466,-0.06163279628581004,-1.22593965816315,-0.7703975381852631,1.2578921677616015,-0.543510567753998,1.0,0.0,0.0,1.0,0.0,0.0,1.0,0.0,0
0.41280023668480786,-1.5707524383770965,-1.3517403338210197,0.26301063340596953,-0.007614532038280543,-0.7703975381852631,-1.0162631637847968,-0.9310403843343887,1.0,0.0,1.0,0.0,0.0,1.0,0.0,0.0,0
-0.3140189075381429,0.3477238222361511,0.6150478588459335,0.514852174667062,-0.007614532038280543,0.8643982988126429,0.7604206889858268,1.723538859241288,1.0,0.0,0.0,1.0,1.0,0.0,1.0,0.0,0
-1.2390614547309893,-1.187057186254447,-1.4226481640045436,-1.77260334752381,-0.007614532038280543,-0.7703975381852631,-1.798004059003871,-1.7254765083241899,0.0,0.0,0.0,1.0,0.0,0.0,0.0,1.0,0
-1.0408380517610936,0.3477238222361511,0.3694421009926507,0.12924610067702713,1.210710594086589,2.4991941358105487,0.9736227513183017,-0.5531988131685077,1.0,0.0,0.0,0.0,0.0,0.0,0.0,0.0,0
0.1485023660582803,-1.187057186254447,-0.6898356961161859,1.6789884374152941,-1.22593965816315,-0.7703975381852631,-1.5137346425605713,0.05716064794560769,0.0,0.0,1.0,0.0,1.0,0.0,0.0,1.0,1
1.469991719190918,-1.187057186254447,-1.0985401785906952,-0.24603480658294793,-0.007614532038280543,-0.7703975381852631,-1.7269367048930462,-1.4445173913034064,1.0,1.0,0.0,0.0,0.0,1.0,0.0,0.0,0
0.6770981073113354,1.4988095786040998,1.5406803349175202,0.2653238072151479,-1.22593965816315,-0.7703975381852631,1.4000268759832513,-1.3670114279873282,1.0,0.0,0.0,0.0,0.0,1.0,1.0,0.0,0
-0.38009337519477476,1.1151143264814503,0.051214081096476086,-1.0628480218830476,-1.22593965816315,-0.7703975381852631,-0.09238756034407247,0.7740908086193306,1.0,1.0,0.0,0.0,1.0,0.0,1.0,0.0,0
-0.842614648791198,-0.4196666820091479,-0.7709765414603091,-0.9217233906703562,1.210710594086589,2.4991941358105487,0.8314880430966518,-0.7566519668732129,1.0,1.0,0.0,0.0,0.0,0.0,0.0,0.0,0
-0.44616784285140665,0.3477238222361511,0.07719843896501354,-0.3295824387999087,-1.22593965816315,-0.7703975381852631,-0.09238756034407247,-1.5123351092049748,0.0,0.0,1.0,0.0,0.0,0.0,0.0,1.0,0
1.6021406545041816,-0.8033619341317975,-0.9737616848261107,-0.8189659014108095,-0.007614532038280543,0.8643982988126429,1.5421615842049012,-1.1926230105261524,1.0,1.0,0.0,0.0,0.0,0.0,0.0,0.0,0
-0.9747635841044617,0.7314190743588007,1.3846134597194801,1.0283226861117185,1.210710594086589,0.8643982988126429,-0.3055896226765473,0.10560187501815653,1.0,0.0,1.0,0.0,0.0,0.0,0.0,0.0,0
0.6110236396547035,-0.4196666820091479,-0.36057102112533373,0.04479422778920587,1.210710594086589,2.4991941358105487,-1.798004059003871,-0.35943390487831234,0.0,0.0,0.0,1.0,1.0,0.0,1.0,0.0,1
0.5449491719980716,1.4988095786040998,1.4011282603647932,0.11925739559193918,1.210710594086589,0.8643982988126429,-0.09238756034407247,-0.9988581022359571,1.0,0.0,1.0,0.0,0.0,0.0,1.0,0.0,1
1.2056938485643904,-0.035971429886498395,0.3451185989878754,0.7373206143221516,-1.22593965816315,-0.7703975381852631,0.4761512725425271,-1.0569875747230157,0.0,0.0,0.0,0.0,1.0,0.0,1.0,0.0,0
-1.437284857700885,1.4988095786040998,1.5638787410145851,0.28960512259391696,-0.007614532038280543,0.8643982988126429,-0.3055896226765473,-0.34005741404929285,0.0,1.0,0.0,0.0,0.0,1.0,0.0,1.0,1
-0.842614648791198,-1.5707524383770965,-1.1878379692657148,1.8069910644741016,-0.007614532038280543,0.8643982988126429,0.3340165643208772,-0.0009688245414509218,1.0,0.0,1.0,0.0,0.0,1.0,0.0,0.0,1
0.7431725749679673,1.4988095786040998,1.0031255830124286,-0.29732417858827564,-0.007614532038280543,-0.7703975381852631,-0.5187916850090222,1.3747620243189362,1.0,0.0,0.0,0.0,0.0,0.0,1.0,0.0,1
-1.5694337930141486,-0.035971429886498395,0.11171477413368397,0.29758206742678023,-1.22593965816315,-0.7703975381852631,1.5421615842049012,-0.2819279415622342,0.0,0.0,1.0,0.0,0.0,0.0,0.0,0.0,0
1.6021406545041816,-1.5707524383770965,-1.4815549711724958,-0.959859215242583,-1.22593965816315,-0.7703975381852631,-0.589859039119847,0.15404310209070537,0.0,1.0,0.0,0.0,0.0,0.0,1.0,0.0,0
-1.6355082606707805,0.3477238222361511,0.43844798333218893,0.23758675035781757,-1.22593965816315,-0.7703975381852631,-1.798004059003871,-0.18504548741713653,0.0,1.0,0.0,0.0,0.0,1.0,0.0,0.0,0
0.9413959779378629,0.3477238222361511,0.48303660567464285,0.3075918013646796,-1.22593965816315,-0.7703975381852631,-0.5187916850090222,1.7332271046557977,0.0,0.0,0.0,0.0,1.0,0.0,1.0,0.0,0
-0.04972103691161534,-0.8033619341317975,-0.8930092654501253,-0.565399994219238,-1.22593965816315,-0.7703975381852631,-0.8741284555631469,-1.71578826290968,0.0,0.0,0.0,0.0,1.0,0.0,0.0,0.0,1
0.7431725749679673,-0.035971429886498395,-0.2745279721833318,-0.43010876677623855,-1.22593965816315,-0.7703975381852631,-1.0873305178956216,1.684785877583249,0.0,0.0,0.0,0.0,1.0,0.0,1.0,0.0,0
0.6770981073113354,1.4988095786040998,2.410459835570652,1.1757049030965125,1.210710594086589,0.8643982988126429,-1.3005325802280965,-0.8050931939457617,0.0,0.0,0.0,0.0,0.0,0.0,0.0,0.0,1
-1.305135922387621,1.4988095786040998,0.824342485677771,-0.4844529301332021,1.210710594086589,0.8643982988126429,-0.589859039119847,0.2412373108212933,0.0,0.0,0.0,0.0,1.0,0.0,0.0,0.0,0
-1.2390614547309893,-0.035971429886498395,0.9112561445483578,1.803937675045986,1.210710594086589,-0.7703975381852631,-1.2294652261172716,-0.11722776951556815,1.0,1.0,0.0,0.0,0.0,0.0,0.0,0.0,0
-1.437284857700885,-1.187057186254447,-0.84809918713404,0.9335576629811583,1.210710594086589,0.8643982988126429,1.1868248136507764,1.4038267605624655,0.0,0.0,0.0,1.0,0.0,1.0,0.0,1.0,1
0.6110236396547035,1.4988095786040998,1.7125521288191028,0.4452186333931891,1.210710594086589,0.8643982988126429,0.12081450198840235,-0.7082107398006641,1.0,0.0,0.0,0.0,1.0,0.0,0.0,1.0,0
1.0074704455944947,1.4988095786040998,1.086355892185156,-0.21020865101109748,-1.22593965816315,-0.7703975381852631,-1.0873305178956216,-0.4756928498524296,1.0,0.0,0.0,1.0,0.0,0.0,0.0,0.0,0
0.5449491719980716,1.4988095786040998,1.7230262359599258,0.4561816753251744,-0.007614532038280543,0.8643982988126429,1.6132289383157261,-1.1441817834536037,0.0,0.0,0.0,0.0,1.0,0.0,1.0,0.0,0
0.21457683371491218,-0.4196666820091479,-1.093624580993915,-1.6815694437062354,-0.007614532038280543,0.8643982988126429,1.0446901054291267,-1.5123351092049748,0.0,0.0,0.0,0.0,0.0,1.0,0.0,1.0,0
-1.371210390044253,-0.4196666820091479,-1.1152157072228235,-1.7324172098025385,-0.007614532038280543,-0.7703975381852631,0.26294921021005224,1.3553855334899167,1.0,0.0,0.0,0.0,1.0,0.0,1.0,0.0,0
0.08242789840164842,-0.8033619341317975,-1.2529194099271699,-1.6955326019725487,-1.22593965816315,-0.7703975381852631,1.2578921677616015,-1.71578826290968,1.0,1.0,0.0,0.0,1.0,0.0,1.0,0.0,0
0.47887470434143975,0.3477238222361511,0.09992805510053307,-0.2938964755801294,-0.007614532038280543,-0.7703975381852631,0.04974714787757741,0.47375520076952776,0.0,0.0,0.0,1.0,0.0,1.0,1.0,0.0,0
1.337842783877654,1.1151143264814503,1.4127676454100297,0.5404022308320781,-0.007614532038280543,0.8643982988126429,-0.021320206233247534,0.4543787099405082,0.0,1.0,0.0,0.0,0.0,0.0,1.0,0.0,0
1.7342895898174455,0.3477238222361511,0.04379380570515156,-0.3820283977098256,-1.22593965816315,-0.7703975381852631,1.6132289383157261,-1.502646863790465,0.0,0.0,1.0,0.0,0.0,0.0,0.0,0.0,1
-1.0408380517610936,1.4988095786040998,0.9766590411834442,-0.3250261873575876,-0.007614532038280543,0.8643982988126429,-1.0162631637847968,-1.2410642375987013,0.0,0.0,0.0,0.0,0.0,0.0,1.0,0.0,1
-1.305135922387621,1.1151143264814503,1.464816725140512,0.601690822348899,1.210710594086589,0.8643982988126429,0.8314880430966518,-1.0666758201375255,1.0,0.0,0.0,0.0,1.0,0.0,0.0,1.0,0
0.5449491719980716,-1.5707524383770965,-1.1929142948493106,1.759171453182541,-0.007614532038280543,0.8643982988126429,0.04974714787757741,-1.134493538039094,1.0,0.0,0.0,1.0,1.0,0.0,0.0,0.0,0
-1.1729869870743574,-0.8033619341317975,-0.9946831111099537,-0.8846600375914755,1.210710594086589,2.4991941358105487,0.7604206889858268,-0.41756337736537097,1.0,1.0,0.0,0.0,0.0,0.0,0.0,0.0,0
0.346725769028176,1.1151143264814503,1.161308710036875,0.24430546883084056,-1.22593965816315,-0.7703975381852631,-0.660926393230672,0.07653713877462723,1.0,1.0,0.0,0.0,0.0,0.0,0.0,0.0,0
-1.1069125194177254,-0.4196666820091479,0.48274193769881407,2.0308221737913246,-0.007614532038280543,0.8643982988126429,1.4000268759832513,-1.250752483013211,1.0,1.0,0.0,0.0,1.0,0.0,0.0,0.0,0
-0.3140189075381429,0.3477238222361511,1.05628636465172,1.2076056728103637,-1.22593965816315,-0.7703975381852631,-1.2294652261172716,0.3671845012099203,1.0,0.0,0.0,0.0,0.0,0.0,1.0,0.0,1
-1.1729869870743574,-1.187057186254447,-0.8398886658075382,0.9722297233000585,1.210710594086589,0.8643982988126429,-1.4426672884497465,0.20248432916325423,1.0,0.0,0.0,1.0,0.0,0.0,1.0,0.0,0
-1.437284857700885,0.3477238222361511,0.00992038248374393,-0.4352103664681175,1.210710594086589,0.8643982988126429,-0.9451958096739718,-0.7760284577022324,0.0,0.0,1.0,0.0,1.0,0.0,0.0,0.0,0
-0.247944439881511,-1.187057186254447,-0.8431166195427534,0.9570258627179136,-0.007614532038280543,0.8643982988126429,-1.4426672884497465,1.6266564050961902,0.0,0.0,1.0,0.0,0.0,1.0,1.0,0.0,0
0.1485023660582803,-1.187057186254447,-1.4651875045150975,-1.9729662571042785,1.210710594086589,0.8643982988126429,0.8314880430966518,-0.7760284577022324,0.0,1.0,0.0,0.0,1.0,0.0,0.0,0.0,0
1.2717683162210223,-0.8033619341317975,-1.2512317660656052,-1.690233331064249,-1.22593965816315,-0.7703975381852631,-1.5848019966713962,-0.030033560784980227,0.0,0.0,0.0,1.0,0.0,0.0,0.0,0.0,0
-1.437284857700885,-0.035971429886498395,-0.4542084674443772,-0.768631239323088,-0.007614532038280543,0.8643982988126429,-0.731993747341497,-0.5047575860959589,1.0,1.0,0.0,0.0,0.0,0.0,1.0,0.0,1
0.8753215102812311,-0.4196666820091479,-0.24041345698170052,0.32776898563655854,-0.007614532038280543,0.8643982988126429,0.6893533348750019,1.2875678155883483,1.0,1.0,0.0,0.0,0.0,1.0,0.0,1.0,0
-0.3140189075381429,-1.187057186254447,-1.1064426379424668,-0.28325587605790886,1.210710594086589,-0.7703975381852631,1.1868248136507764,-0.9310403843343887,0.0,1.0,0.0,0.0,0.0,1.0,0.0,1.0,1
-1.1729869870743574,-1.187057186254447,-0.9427947593662869,0.48753569486594617,1.210710594086589,-0.7703975381852631,-0.8741284555631469,1.3941385151479557,1.0,0.0,1.0,0.0,1.0,0.0,1.0,0.0,0
-0.38009337519477476,-0.8033619341317975,-0.7538188288677337,-0.12833631740138998,-1.22593965816315,-0.7703975381852631,0.1918818560992273,1.5782151780236413,1.0,0.0,1.0,0.0,0.0,1.0,0.0,1.0,0
0.41280023668480786,1.4988095786040998,1.121341017315372,-0.17359040865004333,-1.22593965816315,-0.7703975381852631,-0.16345491445489743,-1.4348291458888967,1.0,1.0,0.0,0.0,0.0,0.0,0.0,1.0,0
-1.6355082606707805,-1.187057186254447,-1.232614107592787,-0.8775312564886436,-1.22593965816315,-0.7703975381852631,0.9025553972074768,-0.5822635494120371,1.0,0.0,0.0,1.0,0.0,0.0,0.0,0.0,0
-1.305135922387621,1.1151143264814503,1.153647342665327,0.2352840909750452,1.210710594086589,0.8643982988126429,0.9025553972074768,-1.7351647537386996,0.0,0.0,1.0,0.0,0.0,0.0,1.0,0.0,0
0.1485023660582803,1.4988095786040998,2.3425656551399223,1.104641399831511,1.210710594086589,2.4991941358105487,1.3289595218724264,1.762291840899327,0.0,1.0,0.0,0.0,0.0,0.0,0.0,0.0,0
1.2056938485643904,-0.8033619341317975,-0.3067003575442733,1.2756340116530185,-1.22593965816315,-0.7703975381852631,-0.09238756034407247,1.4425797422205047,0.0,0.0,1.0,0.0,0.0,1.0,0.0,1.0,0
0.346725769028176,0.7314190743588007,1.134025134274911,0.6910979941954739,-1.22593965816315,-0.7703975381852631,1.4000268759832513,-1.386387918816348,0.0,0.0,0.0,0.0,0.0,0.0,0.0,1.0,0
-1.0408380517610936,0.3477238222361511,0.7280932095729723,0.6923356923894752,-0.007614532038280543,-0.7703975381852631,1.4000268759832513,-0.8050931939457617,1.0,0.0,0.0,0.0,0.0,0.0,0.0,0.0,0
-0.38009337519477476,-1.187057186254447,-1.1853065034733676,-0.6547095321063342,-1.22593965816315,-0.7703975381852631,-1.6558693507822213,-1.2410642375987013,0.0,0.0,1.0,0.0,0.0,0.0,0.0,1.0,0
-1.1729869870743574,0.7314190743588007,1.1433071755135171,0.7035891327650364,-0.007614532038280543,-0.7703975381852631,1.1157574595399515,1.4038267605624655,1.0,1.0,0.0,0.0,1.0,0.0,1.0,0.0,0
-0.247944439881511,-0.8033619341317975,-0.13255158382946805,1.8224683001427855,1.210710594086589,0.8643982988126429,0.04974714787757741,-1.463893882132426,0.0,0.0,1.0,0.0,1.0,0.0,1.0,0.0,0
0.8092470426245991,0.3477238222361511,0.5947291625126496,0.4829514049532114,-1.22593965816315,-0.7703975381852631,-1.0162631637847968,-1.086052310966545,1.0,0.0,0.0,1.0,0.0,0.0,1.0,0.0,0
0.21457683371491218,0.7314190743588007,1.1689165014128178,0.7380524183999643,-0.007614532038280543,0.8643982988126429,1.1868248136507764,-0.4078751319508612,0.0,1.0,0.0,0.0,0.0,1.0,0.0,1.0,0
-1.1069125194177254,-1.187057186254447,-1.440663092526803,-1.8574547686150344,-1.22593965816315,-0.7703975381852631,-1.7269367048930462,-1.638282299593602,1.0,1.0,0.0,0.0,0.0,1.0,0.0,0.0,1
1.2056938485643904,0.3477238222361511,0.12115754335910628,-0.26056574387514997,-0.007614532038280543,-0.7703975381852631,0.8314880430966518,-1.0666758201375255,1.0,1.0,0.0,0.0,1.0,0.0,1.0,0.0,0
1.4039172515342861,1.4988095786040998,1.1813595263921326,-0.11077021568684192,-1.22593965816315,-0.7703975381852631,-0.021320206233247534,0.502819937013057,1.0,1.0,0.0,0.0,1.0,0.0,1.0,0.0,1
-1.6355082606707805,-0.035971429886498395,-0.2528966639577194,-0.38935485002907755,-1.22593965816315,-0.7703975381852631,0.1918818560992273,0.21217257457776398,1.0,0.0,0.0,1.0,0.0,1.0,0.0,0.0,0
1.0074704455944947,0.7314190743588007,0.777235791541871,0.21095521033396553,-1.22593965816315,-0.7703975381852631,1.3289595218724264,0.2703020470648226,1.0,0.0,1.0,0.0,1.0,0.0,1.0,0.0,0
1.7342895898174455,0.3477238222361511,1.5500963161451393,1.9828974182357115,1.210710594086589,0.8643982988126429,0.26294921021005224,0.7062730907177622,1.0,0.0,1.0,0.0,1.0,0.0,0.0,1.0,1
0.8753215102812311,0.7314190743588007,0.7879242026651148,0.22533894565649268,-1.22593965816315,-0.7703975381852631,0.8314880430966518,0.1831078383342347,1.0,0.0,0.0,0.0,0.0,0.0,1.0,0.0,0
0.01635343074501654,-1.5707524383770965,-1.0803377340838176,2.8196565004267717,-1.22593965816315,-0.7703975381852631,1.0446901054291267,-1.4154526550598772,1.0,1.0,0.0,0.0,0.0,1.0,1.0,0.0,0
-0.9747635841044617,-0.8033619341317975,-0.3050261076816098,1.2808912248556967,-0.007614532038280543,-0.7703975381852631,0.4050839184317021,-0.41756337736537097,1.0,0.0,0.0,0.0,0.0,0.0,1.0,0.0,0
1.7342895898174455,0.3477238222361511,0.36419165342333815,0.12100279037522817,-0.007614532038280543,-0.7703975381852631,0.8314880430966518,-1.3670114279873282,0.0,0.0,0.0,1.0,1.0,0.0,1.0,0.0,0
0.6110236396547035,0.7314190743588007,1.4453418507380102,1.1100468163778079,1.210710594086589,0.8643982988126429,-0.37665697678737226,-0.30130443239125376,0.0,0.0,1.0,0.0,1.0,0.0,0.0,0.0,0
-0.11579550456824722,-0.8033619341317975,-0.42387105993291485,0.9077132028767925,-0.007614532038280543,0.8643982988126429,-1.3005325802280965,0.6772083544742329,0.0,0.0,1.0,0.0,1.0,0.0,0.0,1.0,0
0.47887470434143975,-1.187057186254447,-0.9923391613022248,0.2541785152254697,-1.22593965816315,-0.7703975381852631,-1.4426672884497465,1.5394621963656023,0.0,1.0,0.0,0.0,1.0,0.0,0.0,1.0,0
-0.38009337519477476,-0.035971429886498395,0.07026034753413626,0.21948090808779483,-1.22593965816315,-0.7703975381852631,-1.5848019966713962,1.5685269326091316,0.0,0.0,1.0,0.0,0.0,1.0,0.0,1.0,0
0.08242789840164842,1.4988095786040998,1.55163662601879,0.2767915416145899,-0.007614532038280543,-0.7703975381852631,-0.660926393230672,0.9097262444224673,1.0,0.0,0.0,1.0,0.0,1.0,0.0,0.0,1
-0.7104657134779342,1.4988095786040998,0.3634014074881608,-0.9669108905517755,1.210710594086589,0.8643982988126429,-0.37665697678737226,-0.059098297028509536,0.0,0.0,0.0,1.0,0.0,1.0,0.0,0.0,0
0.47887470434143975,-0.4196666820091479,-0.7005241072394295,-0.7558057419938343,1.210710594086589,2.4991941358105487,-1.5848019966713962,-1.6479705450081117,0.0,1.0,0.0,0.0,0.0,1.0,0.0,1.0,1
1.7342895898174455,1.1151143264814503,1.465687335069097,0.6027159789234214,-0.007614532038280543,0.8643982988126429,0.618285980764177,0.6772083544742329,1.0,0.0,0.0,0.0,0.0,0.0,0.0,1.0,1
-1.2390614547309893,-0.8033619341317975,-0.7545421048084042,-0.130607433504947,-0.007614532038280543,-0.7703975381852631,0.26294921021005224,0.6965848453032524,0.0,1.0,0.0,0.0,0.0,0.0,0.0,0.0,0
0.5449491719980716,-1.187057186254447,-1.1740287563984664,-0.6015906499064744,-1.22593965816315,-0.7703975381852631,0.04974714787757741,0.4059374828679594,0.0,0.0,0.0,1.0,0.0,0.0,1.0,0.0,1
1.2717683162210223,-1.187057186254447,-1.4012713417580562,-1.6719172002661185,1.210710594086589,0.8643982988126429,-1.0162631637847968,-1.4542056367179161,1.0,0.0,1.0,0.0,1.0,0.0,0.0,1.0,0
1.6682151221608137,-1.187057186254447,-1.1669969069752797,-0.5684702067296026,-0.007614532038280543,0.8643982988126429,1.5421615842049012,0.9775439623240357,0.0,0.0,1.0,0.0,0.0,1.0,0.0,0.0,0
1.337842783877654,0.7314190743588007,0.8001797116598116,0.24183157450375173,-1.22593965816315,-0.7703975381852631,-0.4477243308981972,-1.0279228384794865,0.0,0.0,1.0,0.0,0.0,1.0,1.0,0.0,0
1.0735449132511268,-0.4196666820091479,-0.6629807283190634,-0.6673899303511938,-1.22593965816315,-0.7703975381852631,0.9736227513183017,1.345697288075407,1.0,0.0,0.0,1.0,0.0,1.0,1.0,0.0,0
-1.371210390044253,0.7314190743588007,0.5332641015545475,-0.1173652644778584,1.210710594086589,0.8643982988126429,1.2578921677616015,-1.2216877467696818,1.0,0.0,0.0,0.0,0.0,0.0,1.0,0.0,0
0.2806513013715441,0.3477238222361511,0.5764999300079694,0.4543311362778312,1.210710594086589,-0.7703975381852631,1.0446901054291267,0.841908526520899,1.0,1.0,0.0,0.0,1.0,0.0,1.0,0.0,0
0.1485023660582803,-0.035971429886498395,0.5204728326037985,1.0676923035195685,-0.007614532038280543,0.8643982988126429,0.4761512725425271,-1.2895054646712503,1.0,0.0,0.0,0.0,1.0,0.0,1.0,0.0,1
-0.5122423105080385,-0.8033619341317975,-0.8779142286883513,-0.5180009599838922,-0.007614532038280543,-0.7703975381852631,-1.1583978720064467,0.9097262444224673,0.0,0.0,1.0,0.0,1.0,0.0,0.0,1.0,0
0.6770981073113354,1.1151143264814503,0.5994706381237125,-0.4172674978073769,1.210710594086589,0.8643982988126429,-1.5137346425605713,-1.3573231825728185,0.0,1.0,0.0,0.0,0.0,0.0,0.0,0.0,1
-1.5033593253575168,1.4988095786040998,1.4438685108588665,0.16399277513792818,1.210710594086589,0.8643982988126429,-1.0873305178956216,0.7256495815467817,0.0,0.0,0.0,1.0,0.0,1.0,0.0,0.0,1
-0.3140189075381429,1.4988095786040998,0.14016362780006195,-1.2005694837492054,-1.22593965816315,-0.7703975381852631,-0.37665697678737226,-0.9891698568214473,1.0,0.0,0.0,1.0,0.0,0.0,0.0,0.0,0
1.337842783877654,-1.5707524383770965,-1.424884961821062,-0.4260207577898359,1.210710594086589,0.8643982988126429,-0.4477243308981972,0.6965848453032524,0.0,0.0,0.0,0.0,0.0,1.0,1.0,0.0,0
-0.6443912458213022,1.1151143264814503,1.8258653595241676,1.0268311396230734,-1.22593965816315,-0.7703975381852631,1.2578921677616015,1.4619562330495242,1.0,1.0,0.0,0.0,1.0,0.0,0.0,0.0,0
0.7431725749679673,1.4988095786040998,2.2510980366428908,1.0089040426019407,-0.007614532038280543,-0.7703975381852631,-1.2294652261172716,1.7526035954848171,0.0,0.0,1.0,0.0,0.0,1.0,1.0,0.0,0
1.0735449132511268,1.4988095786040998,1.6953408402309222,0.4272039161520124,1.210710594086589,0.8643982988126429,0.26294921021005224,0.2412373108212933,1.0,0.0,0.0,0.0,1.0,0.0,0.0,0.0,0
-1.371210390044253,1.1151143264814503,1.3279032683713428,0.4404731222755721,-0.007614532038280543,-0.7703975381852631,1.5421615842049012,0.6965848453032524,0.0,0.0,0.0,1.0,1.0,0.0,1.0,0.0,0
1.6021406545041816,-0.035971429886498395,0.09083352984654505,0.2582412895884994,-1.22593965816315,-0.7703975381852631,-1.5848019966713962,0.26061380165031284,0.0,1.0,0.0,0.0,1.0,0.0,0.0,0.0,0
1.6682151221608137,0.7314190743588007,0.5999930040808633,-0.027566054732455957,-0.007614532038280543,0.8643982988126429,-1.2294652261172716,-1.0182345930649765,1.0,1.0,0.0,0.0,0.0,1.0,0.0,1.0,0
-0.776540181134566,0.7314190743588007,0.8400134643923013,0.2954371244400881,-1.22593965816315,-0.7703975381852631,0.9736227513183017,-0.049410051613999764,1.0,0.0,0.0,1.0,0.0,0.0,1.0,0.0,0
0.346725769028176,1.4988095786040998,1.4311174239048214,0.15064646322072903,1.210710594086589,-0.7703975381852631,-1.6558693507822213,-1.5995293179355627,1.0,0.0,1.0,0.0,1.0,0.0,0.0,1.0,0
1.337842783877654,-0.4196666820091479,-0.5544357612228643,-0.4117631955841729,-0.007614532038280543,0.8643982988126429,0.8314880430966518,-1.3670114279873282,0.0,0.0,1.0,0.0,0.0,1.0,1.0,0.0,0
-0.11579550456824722,1.1151143264814503,1.600377388020649,0.7613155868218149,1.210710594086589,0.8643982988126429,-0.09238756034407247,-0.669457758142625,0.0,0.0,0.0,1.0,1.0,0.0,0.0,1.0,0
0.6110236396547035,1.4988095786040998,-0.16087989150573437,-1.515665814264921,-1.22593965816315,-0.7703975381852631,0.7604206889858268,0.502819937013057,1.0,0.0,0.0,1.0,0.0,1.0,0.0,0.0,1
0.6770981073113354,-0.035971429886498395,0.26447333160310077,0.585382946994192,-1.22593965816315,-0.7703975381852631,0.26294921021005224,0.17341959291972492,1.0,0.0,1.0,0.0,0.0,0.0,0.0,0.0,0
-1.0408380517610936,-0.8033619341317975,-1.1264532723010208,-1.2984237454950542,1.210710594086589,0.8643982988126429,0.3340165643208772,0.5706376549146255,1.0,0.0,0.0,0.0,1.0,0.0,0.0,1.0,0
0.08242789840164842,-0.4196666820091479,-0.12183638470842173,0.6070216365364148,-1.22593965816315,-0.7703975381852631,-0.660926393230672,1.6654093867542292,1.0,0.0,0.0,0.0,1.0,0.0,0.0,0.0,1
0.08242789840164842,-1.5707524383770965,-1.348713290069324,0.2915257578172955,-1.22593965816315,-0.7703975381852631,-1.1583978720064467,-0.8825991572618399,0.0,1.0,0.0,0.0,1.0,0.0,0.0,1.0,0
-0.1818699722248791,-0.035971429886498395,0.28203286416271534,0.6184655382360044,-0.007614532038280543,0.8643982988126429,-1.3005325802280965,1.6363446505107,1.0,1.0,0.0,0.0,0.0,0.0,0.0,0.0,1
-0.842614648791198,1.4988095786040998,1.5872110871006635,0.3140266303247575,-0.007614532038280543,0.8643982988126429,-1.7269367048930462,1.6557211413397195,1.0,0.0,0.0,0.0,0.0,1.0,0.0,0.0,0
-0.6443912458213022,-1.5707524383770965,-1.56465134035621,-1.7426372322685448,1.210710594086589,0.8643982988126429,0.4050839184317021,-1.6479705450081117,0.0,1.0,0.0,0.0,1.0,0.0,0.0,1.0,0
0.6110236396547035,-0.035971429886498395,0.3017354365465393,0.6555856692174742,-1.22593965816315,-0.7703975381852631,-1.0873305178956216,-1.5123351092049748,0.0,0.0,0.0,0.0,1.0,0.0,0.0,0.0,0
0.08242789840164842,-0.8033619341317975,-0.8760658568399708,-0.5121969966081358,-0.007614532038280543,0.8643982988126429,-1.1583978720064467,-0.960105120577918,1.0,1.0,0.0,0.0,0.0,0.0,1.0,0.0,0
1.7342895898174455,0.7314190743588007,0.5482787743229137,-0.09715954104859365,1.210710594086589,-0.7703975381852631,1.0446901054291267,-1.6092175633500725,0.0,0.0,0.0,0.0,0.0,1.0,1.0,0.0,0
0.8753215102812311,-0.8033619341317975,-0.8930628414457307,-0.5655682250417243,-1.22593965816315,-0.7703975381852631,0.4050839184317021,-0.5144458315104686,1.0,1.0,0.0,0.0,0.0,0.0,1.0,0.0,0
1.4039172515342861,-0.8033619341317975,-0.05328589833152782,2.0713658020103787,-0.007614532038280543,-0.7703975381852631,-0.16345491445489743,0.9775439623240357,0.0,1.0,0.0,0.0,0.0,0.0,0.0,0.0,1
-0.5783167781646704,-0.8033619341317975,-1.0678545271077988,-1.11442128340132,1.210710594086589,0.8643982988126429,-1.3715999343389216,-0.36912215029282214,0.0,0.0,0.0,0.0,1.0,0.0,1.0,0.0,0
1.469991719190918,1.1151143264814503,0.5296075398544904,-0.49953237000288425,-0.007614532038280543,0.8643982988126429,0.1918818560992273,-0.3981868865363514,1.0,0.0,1.0,0.0,0.0,1.0,1.0,0.0,1
1.0074704455944947,0.7314190743588007,1.1621123499709534,0.7288958550618141,-1.22593965816315,-0.7703975381852631,-1.7269367048930462,1.5782151780236413,0.0,0.0,0.0,0.0,1.0,0.0,1.0,0.0,1
-1.6355082606707805,0.7314190743588007,-0.33940850286126734,-1.291748586788568,1.210710594086589,-0.7703975381852631,-0.731993747341497,-1.3476349371583087,1.0,0.0,0.0,0.0,1.0,0.0,0.0,0.0,1
-0.9747635841044617,-1.5707524383770965,-1.3859486070149598,-0.05923550706538885,-0.007614532038280543,0.8643982988126429,0.3340165643208772,0.6578318636452134,1.0,0.0,0.0,1.0,0.0,0.0,1.0,0.0,1
-0.9086891164478298,-0.8033619341317975,-0.7830043524736835,-0.21998005795047482,-0.007614532038280543,0.8643982988126429,-1.0162631637847968,1.2488148339303093,0.0,0.0,1.0,0.0,0.0,0.0,1.0,0.0,0
-0.776540181134566,-1.187057186254447,-1.438707568687212,-1.8482441310839426,-0.007614532038280543,-0.7703975381852631,0.4050839184317021,-0.4078751319508612,0.0,1.0,0.0,0.0,1.0,0.0,1.0,0.0,0
-1.1729869870743574,-0.035971429886498395,-0.7023858730867114,-1.2362035757987182,-0.007614532038280543,0.8643982988126429,1.4710942300940764,-0.8632226664328203,1.0,0.0,1.0,0.0,0.0,0.0,1.0,0.0,0
0.346725769028176,0.7314190743588007,-0.27416633421299647,-1.203950122182013,1.210710594086589,2.4991941358105487,1.0446901054291267,0.8031555448628599,0.0,0.0,1.0,0.0,0.0,0.0,1.0,0.0,0
-1.2390614547309893,-0.4196666820091479,-0.46142783285218214,-0.19272666470779148,-1.22593965816315,-0.7703975381852631,-0.589859039119847,-1.337946691743799,0.0,0.0,1.0,0.0,0.0,1.0,0.0,1.0,0
1.337842783877654,1.4988095786040998,1.57171423037185,0.29780637519009456,-1.22593965816315,-0.7703975381852631,-1.6558693507822213,-0.29161618697674396,0.0,0.0,0.0,1.0,1.0,0.0,0.0,0.0,1
0.346725769028176,1.1151143264814503,1.5241789282711087,0.6715907290917076,-1.22593965816315,-0.7703975381852631,-0.731993747341497,1.2294383431012896,1.0,0.0,0.0,1.0,1.0,0.0,0.0,1.0,0
-0.6443912458213022,0.3477238222361511,0.871328633823559,0.9172182443472344,-0.007614532038280543,-0.7703975381852631,1.6132289383157261,-1.3088819555002698,0.0,1.0,0.0,0.0,0.0,1.0,0.0,1.0,1
1.0735449132511268,-1.5707524383770965,-1.6224062636186496,-2.286695712187298,-0.007614532038280543,-0.7703975381852631,1.1157574595399515,1.6363446505107,0.0,0.0,0.0,0.0,0.0,0.0,0.0,1.0,0
0.8753215102812311,-0.8033619341317975,-0.8325353604107203,-0.3755094533385049,1.210710594086589,0.8643982988126429,-0.589859039119847,1.723538859241288,1.0,0.0,1.0,0.0,0.0,1.0,1.0,0.0,0
1.2056938485643904,-1.187057186254447,-0.45071263373113585,2.805272765104245,-0.007614532038280543,0.8643982988126429,1.2578921677616015,-0.42725162277988077,0.0,1.0,0.0,0.0,0.0,1.0,0.0,1.0,1
-0.44616784285140665,-1.5707524383770965,-1.393127790426061,-0.12686429770464,1.210710594086589,0.8643982988126429,-0.8030611014523219,-0.18504548741713653,1.0,1.0,0.0,0.0,0.0,1.0,0.0,1.0,0
-1.1729869870743574,0.3477238222361511,-0.2921008987418476,-0.9093899684968727,-0.007614532038280543,0.8643982988126429,1.0446901054291267,-1.425140900474387,1.0,0.0,0.0,1.0,0.0,0.0,1.0,0.0,0
0.21457683371491218,1.1151143264814503,0.9466564836445146,-0.008450827527518124,1.210710594086589,2.4991941358105487,0.7604206889858268,-1.1926230105261524,1.0,0.0,0.0,0.0,0.0,1.0,1.0,0.0,0
-1.5694337930141486,-0.4196666820091479,-0.3019053059376052,0.18295379075558674,1.210710594086589,2.4991941358105487,-0.23452226856572236,0.715961336132272,1.0,0.0,0.0,0.0,1.0,0.0,0.0,0.0,0
1.0735449132511268,-0.035971429886498395,0.3961899167985626,0.8335402332428473,-0.007614532038280543,0.8643982988126429,-0.021320206233247534,-1.541399845448504,0.0,0.0,0.0,1.0,0.0,0.0,1.0,0.0,0
-1.5033593253575168,-0.035971429886498395,-0.31773701263895104,-0.5115156617770688,1.210710594086589,0.8643982988126429,-1.3715999343389216,-0.8244696847747812,1.0,0.0,1.0,0.0,0.0,1.0,1.0,0.0,0
1.6682151221608137,1.1151143264814503,0.4701515787315848,-0.5695426782229486,-0.007614532038280543,-0.7703975381852631,1.5421615842049012,0.6675201090597231,1.0,0.0,0.0,1.0,0.0,1.0,1.0,0.0,0
0.21457683371491218,-1.187057186254447,-1.452329265569842,-1.9124031610094265,-1.22593965816315,-0.7703975381852631,-0.37665697678737226,0.6287671274016841,1.0,1.0,0.0,0.0,0.0,1.0,0.0,1.0,0
-0.7104657134779342,1.1151143264814503,0.7973133958949316,-0.18430460915710126,-0.007614532038280543,0.8643982988126429,0.1918818560992273,0.9291027352514869,0.0,0.0,0.0,1.0,0.0,1.0,0.0,1.0,0
0.8092470426245991,1.1151143264814503,1.5131288791775297,0.6585791264150793,1.210710594086589,0.8643982988126429,1.3289595218724264,-1.386387918816348,1.0,0.0,0.0,0.0,0.0,1.0,0.0,1.0,0
0.1485023660582803,1.4988095786040998,0.5874964031059435,-0.732355066301088,1.210710594086589,0.8643982988126429,-1.3715999343389216,0.1831078383342347,1.0,0.0,1.0,0.0,0.0,1.0,1.0,0.0,1
0.7431725749679673,0.3477238222361511,0.4131199314098159,0.19782118969276058,-0.007614532038280543,0.8643982988126429,-1.4426672884497465,-0.4078751319508612,1.0,1.0,0.0,0.0,1.0,0.0,1.0,0.0,0
0.41280023668480786,0.7314190743588007,-0.2926902346935052,-1.2288783251281976,-1.22593965816315,-0.7703975381852631,0.04974714787757741,-0.7275872306296836,1.0,1.0,0.0,0.0,0.0,0.0,1.0,0.0,1
0.2806513013715441,-1.187057186254447,-1.356669325416701,-1.4618389606871007,-0.007614532038280543,-0.7703975381852631,1.1868248136507764,-0.669457758142625,1.0,0.0,0.0,0.0,1.0,0.0,0.0,0.0,1
1.6682151221608137,-1.5707524383770965,-1.2729434382846252,1.0052870799184985,1.210710594086589,0.8643982988126429,1.4000268759832513,0.05716064794560769,1.0,0.0,0.0,1.0,0.0,1.0,0.0,1.0,0
1.4039172515342861,-1.5707524383770965,-1.4937702981704886,-1.0749290978228019,-1.22593965816315,-0.7703975381852631,-0.660926393230672,1.2681913247593288,1.0,1.0,0.0,0.0,0.0,1.0,0.0,1.0,1
0.2806513013715441,-1.5707524383770965,-1.696327743554968,-2.983045144161231,1.210710594086589,0.8643982988126429,-0.16345491445489743,1.1131793981271725,1.0,0.0,0.0,1.0,0.0,1.0,0.0,0.0,0
1.6682151221608137,-0.8033619341317975,-0.33588588115022316,1.1839902711039336,-0.007614532038280543,-0.7703975381852631,0.12081450198840235,-0.36912215029282214,1.0,1.0,0.0,0.0,1.0,0.0,0.0,1.0,0
0.5449491719980716,-0.4196666820091479,-0.6956486916393535,-0.7443239883591857,-0.007614532038280543,0.8643982988126429,-0.021320206233247534,0.028095911702078383,1.0,0.0,0.0,0.0,0.0,1.0,0.0,1.0,0
-0.842614648791198,-1.187057186254447,-1.0437587230843457,0.011989217404494467,-0.007614532038280543,-0.7703975381852631,0.8314880430966518,-0.5531988131685077,1.0,1.0,0.0,0.0,1.0,0.0,1.0,0.0,1
0.47887470434143975,0.7314190743588007,0.2519097606336738,-0.4959927634565668,-1.22593965816315,-0.7703975381852631,-0.021320206233247534,0.46406695535501796,1.0,1.0,0.0,0.0,0.0,0.0,1.0,0.0,0
1.0735449132511268,-0.035971429886498395,-0.044311919067651764,0.0036239397563925455,1.210710594086589,2.4991941358105487,0.9736227513183017,0.4543787099405082,0.0,0.0,1.0,0.0,1.0,0.0,0.0,1.0,0
-0.5783167781646704,-1.5707524383770965,-1.1877442112734056,1.8078742762921514,-0.007614532038280543,-0.7703975381852631,-1.798004059003871,0.9291027352514869,0.0,1.0,0.0,0.0,1.0,0.0,0.0,0.0,0
-1.5033593253575168,1.4988095786040998,0.2119286739132699,-1.1254544215093403,-0.007614532038280543,-0.7703975381852631,-0.5187916850090222,1.3069443064173678,1.0,0.0,0.0,0.0,0.0,0.0,0.0,0.0,0
-1.1069125194177254,1.4988095786040998,1.0960397533908015,-0.20007274395633398,1.210710594086589,2.4991941358105487,-0.021320206233247534,1.4910209692930534,0.0,1.0,0.0,0.0,0.0,1.0,0.0,0.0,0
1.7342895898174455,0.7314190743588007,0.3865194495918182,-0.3148442171014292,-1.22593965816315,-0.7703975381852631,0.618285980764177,-0.059098297028509536,0.0,0.0,0.0,0.0,1.0,0.0,0.0,0.0,0
-0.9747635841044617,-0.035971429886498395,-0.19239597092051183,-0.2753700562538917,-0.007614532038280543,-0.7703975381852631,-0.731993747341497,-1.5123351092049748,0.0,0.0,0.0,1.0,0.0,0.0,1.0,0.0,1
1.5360661868475498,0.3477238222361511,-0.1957578646447401,-0.7581294302294184,-0.007614532038280543,0.8643982988126429,-0.9451958096739718,0.086225384189137,1.0,0.0,0.0,0.0,1.0,0.0,0.0,0.0,1
0.08242789840164842,0.3477238222361511,0.5079226556332732,0.34666340988698374,1.210710594086589,0.8643982988126429,-1.1583978720064467,-0.8050931939457617,0.0,0.0,0.0,1.0,1.0,0.0,0.0,1.0,0
0.1485023660582803,1.1151143264814503,1.8715656837754306,1.080643973965687,1.210710594086589,0.8643982988126429,-1.3005325802280965,-0.3884986411218417,0.0,1.0,0.0,0.0,0.0,0.0,0.0,0.0,0
-1.5694337930141486,1.1151143264814503,0.40281994625471,-0.6488267105325373,-1.22593965816315,-0.7703975381852631,0.04974714787757741,-0.9697933659924278,1.0,0.0,0.0,0.0,1.0,0.0,0.0,0.0,0
-1.6355082606707805,-0.4196666820091479,-0.6972023955119052,-0.7479830087482495,-1.22593965816315,-0.7703975381852631,-0.021320206233247534,-0.5725753039975273,0.0,0.0,1.0,0.0,0.0,0.0,0.0,0.0,0
-1.305135922387621,0.3477238222361511,-0.15798678774305175,-0.698828065303209,-0.007614532038280543,0.8643982988126429,-1.6558693507822213,0.8031555448628599,0.0,0.0,0.0,0.0,1.0,0.0,0.0,0.0,0
-0.04972103691161534,0.3477238222361511,0.9295389530486432,1.008609638662591,-0.007614532038280543,0.8643982988126429,1.3289595218724264,-0.49506934068144914,0.0,0.0,0.0,1.0,0.0,1.0,1.0,0.0,0
0.6110236396547035,-0.035971429886498395,0.1690946654268872,0.4056871939560915,-0.007614532038280543,0.8643982988126429,0.6893533348750019,0.1831078383342347,0.0,0.0,0.0,1.0,0.0,0.0,1.0,0.0,0
-0.6443912458213022,-1.5707524383770965,-1.0776321463057534,2.845143470033355,-1.22593965816315,-0.7703975381852631,1.0446901054291267,-1.0666758201375255,1.0,0.0,1.0,0.0,0.0,1.0,1.0,0.0,0
-1.437284857700885,0.3477238222361511,0.21859888536612124,-0.10758083967721663,-0.007614532038280543,-0.7703975381852631,-1.3005325802280965,-1.0376110838939963,0.0,0.0,0.0,0.0,1.0,0.0,1.0,0.0,0
1.4039172515342861,0.7314190743588007,0.5218925964873371,-0.13266826108039712,-0.007614532038280543,0.8643982988126429,0.4050839184317021,0.2993667833083519,1.0,1.0,0.0,0.0,0.0,1.0,0.0,1.0,0
0.8092470426245991,1.1151143264814503,1.277073042540879,0.3806197499630813,1.210710594086589,0.8643982988126429,-0.5187916850090222,-1.211999501355172,0.0,0.0,0.0,0.0,0.0,0.0,0.0,1.0,0
1.2056938485643904,-1.5707524383770965,-1.5210270859346502,-1.3316913906416012,-1.22593965816315,-0.7703975381852631,-1.0162631637847968,0.9000379990079576,0.0,0.0,0.0,0.0,1.0,0.0,1.0,0.0,0
-0.38009337519477476,1.4988095786040998,1.7526403675307172,0.4871782043681644,-0.007614532038280543,-0.7703975381852631,1.3289595218724264,1.2197500976867799,0.0,0.0,0.0,0.0,0.0,0.0,1.0,0.0,0
-0.04972103691161534,-1.5707524383770965,-1.6094676606799863,-2.1648124812964085,1.210710594086589,-0.7703975381852631,1.3289595218724264,0.9097262444224673,0.0,0.0,1.0,0.0,1.0,0.0,0.0,0.0,0
-1.2390614547309893,1.1151143264814503,0.6704454383017431,-0.3336935795244028,1.210710594086589,-0.7703975381852631,-0.9451958096739718,0.018407666287568614,0.0,0.0,1.0,0.0,0.0,1.0,0.0,0.0,0
-0.3140189075381429,1.4988095786040998,1.387010985522814,0.10448112168361146,1.210710594086589,0.8643982988126429,1.2578921677616015,1.5685269326091316,1.0,0.0,1.0,0.0,0.0,1.0,1.0,0.0,1
-1.2390614547309893,1.4988095786040998,1.583648283392916,0.3102975137596586,1.210710594086589,-0.7703975381852631,1.5421615842049012,0.26061380165031284,1.0,0.0,1.0,0.0,0.0,0.0,1.0,0.0,0
0.21457683371491218,-0.035971429886498395,-0.47601389765570656,-0.8097132061740961,-1.22593965816315,-0.7703975381852631,1.3289595218724264,-1.3088819555002698,1.0,0.0,1.0,0.0,0.0,0.0,0.0,0.0,0
1.7342895898174455,-1.5707524383770965,-1.299383192115807,0.7562213472284198,1.210710594086589,0.8643982988126429,-1.3715999343389216,-0.01065706995596069,0.0,1.0,0.0,0.0,1.0,0.0,0.0,1.0,1
-1.2390614547309893,-0.4196666820091479,-0.5553733411459559,-0.41397122512929785,-0.007614532038280543,-0.7703975381852631,1.4710942300940764,0.7062730907177622,1.0,0.0,0.0,0.0,0.0,0.0,1.0,0.0,0
-1.5033593253575168,0.7314190743588007,0.5643649670033845,-0.07551183914088021,1.210710594086589,0.8643982988126429,1.4710942300940764,-0.5628870585830175,0.0,0.0,0.0,0.0,0.0,0.0,0.0,1.0,0
0.21457683371491218,1.4988095786040998,1.6232275501462803,0.3517243537967618,-1.22593965816315,-0.7703975381852631,-0.731993747341497,-1.677035281251641,1.0,1.0,0.0,0.0,0.0,1.0,0.0,1.0,0
0.21457683371491218,-0.4196666820091479,0.246779859054473,1.4751242238418423,-1.22593965816315,-0.7703975381852631,0.4050839184317021,0.1152901204326663,1.0,1.0,0.0,0.0,0.0,0.0,0.0,0.0,0
0.8753215102812311,-0.035971429886498395,-0.26095985129630705,-0.40454609329953667,-0.007614532038280543,-0.7703975381852631,-1.2294652261172716,-0.6985224943861543,1.0,1.0,0.0,0.0,0.0,0.0,0.0,0.0,1
0.8092470426245991,-0.035971429886498395,0.13974841383412148,0.35039813414616616,1.210710594086589,0.8643982988126429,-0.021320206233247534,-0.44662811360890026,0.0,1.0,0.0,0.0,1.0,0.0,1.0,0.0,0
-1.305135922387621,-0.035971429886498395,-0.05090176652709504,-0.0087914949430515,-0.007614532038280543,-0.7703975381852631,1.5421615842049012,-0.1947337328316463,1.0,0.0,1.0,0.0,0.0,1.0,0.0,0.0,0
1.337842783877654,-1.187057186254447,-0.996785968937459,0.23323377782600047,-1.22593965816315,-0.7703975381852631,0.9736227513183017,-0.22379846907517562,0.0,0.0,0.0,0.0,0.0,1.0,0.0,1.0,1
-1.0408380517610936,-0.4196666820091479,-0.3472707802163349,0.07611670405076232,-1.22593965816315,-0.7703975381852631,1.4710942300940764,-0.24317495990419513,1.0,1.0,0.0,0.0,1.0,0.0,0.0,1.0,0
0.7431725749679673,1.4988095786040998,0.22467976086731498,-1.1121081095921415,-0.007614532038280543,-0.7703975381852631,-0.4477243308981972,-1.386387918816348,0.0,0.0,0.0,1.0,0.0,1.0,1.0,0.0,0
-0.776540181134566,1.4988095786040998,1.342784001150696,0.058189607029630094,1.210710594086589,0.8643982988126429,-1.4426672884497465,-0.9019756480908594,0.0,1.0,0.0,0.0,1.0,0.0,0.0,1.0,0
-0.247944439881511,-0.4196666820091479,-0.5108918707947123,-0.3092159948527335,-1.22593965816315,-0.7703975381852631,-1.0873305178956216,1.5588386871946218,0.0,0.0,0.0,0.0,1.0,0.0,0.0,0.0,0
0.41280023668480786,-0.8033619341317975,-0.8583991722891459,-0.4567228828934765,-1.22593965816315,-0.7703975381852631,0.1918818560992273,-1.6576587904226214,0.0,0.0,0.0,1.0,0.0,0.0,1.0,0.0,0
-0.5122423105080385,-1.187057186254447,-0.7979520552475431,1.1697537377510812,-1.22593965816315,-0.7703975381852631,-1.3715999343389216,1.684785877583249,0.0,1.0,0.0,0.0,0.0,0.0,0.0,0.0,1
0.6770981073113354,-0.035971429886498395,0.1906188216612889,0.44623923371626945,-1.22593965816315,-0.7703975381852631,0.1918818560992273,0.09591362960364677,0.0,0.0,1.0,0.0,1.0,0.0,0.0,1.0,0
1.337842783877654,1.1151143264814503,1.1728811250876048,0.25793216545218206,-0.007614532038280543,-0.7703975381852631,1.1868248136507764,-0.8632226664328203,0.0,0.0,1.0,0.0,0.0,0.0,0.0,0.0,0
1.7342895898174455,0.7314190743588007,0.29667250496184494,-0.4357541125193657,-1.22593965816315,-0.7703975381852631,-1.5848019966713962,1.675097632168739,0.0,0.0,0.0,1.0,0.0,0.0,1.0,0.0,0
-1.1069125194177254,1.4988095786040998,1.7900899884587747,0.5263759860073327,1.210710594086589,0.8643982988126429,-0.16345491445489743,1.4038267605624655,0.0,0.0,1.0,0.0,0.0,1.0,0.0,0.0,1
0.01635343074501654,-1.5707524383770965,-1.6383183343134033,-2.436589375022056,-0.007614532038280543,0.8643982988126429,-1.6558693507822213,1.3941385151479557,0.0,0.0,0.0,1.0,0.0,1.0,0.0,1.0,1
-0.247944439881511,-1.187057186254447,-1.057916179923028,-0.05469327485827478,-1.22593965816315,-0.7703975381852631,-1.0162631637847968,-0.06878654244301931,1.0,1.0,0.0,0.0,0.0,0.0,1.0,0.0,0
1.337842783877654,-1.187057186254447,-1.3473337081824892,-1.417867629459901,-1.22593965816315,-0.7703975381852631,0.618285980764177,0.008719420873058848,0.0,0.0,0.0,0.0,1.0,0.0,0.0,1.0,0
0.8092470426245991,-0.4196666820091479,-0.38143887141357147,-0.004350201229429333,-1.22593965816315,-0.7703975381852631,-1.3005325802280965,1.3553855334899167,1.0,0.0,0.0,1.0,1.0,0.0,0.0,0.0,1
-0.1818699722248791,1.1151143264814503,2.051072057050759,1.2920154879925636,1.210710594086589,0.8643982988126429,0.8314880430966518,-1.6189058087645822,1.0,1.0,0.0,0.0,0.0,0.0,1.0,0.0,0
-0.5783167781646704,1.4988095786040998,1.4949800106662572,0.2174901766883801,-1.22593965816315,-0.7703975381852631,1.0446901054291267,1.6169681596816805,0.0,0.0,0.0,1.0,0.0,0.0,1.0,0.0,0
0.01635343074501654,-0.035971429886498395,-0.799854003091529,-1.419835930082984,-1.22593965816315,-0.7703975381852631,0.8314880430966518,-1.7448529991532093,1.0,0.0,0.0,0.0,1.0,0.0,0.0,0.0,1
1.4039172515342861,0.7314190743588007,0.014206462132162518,-0.815877664169465,1.210710594086589,-0.7703975381852631,-0.8030611014523219,-0.7178989852151738,0.0,0.0,1.0,0.0,0.0,1.0,0.0,0.0,0
0.8092470426245991,-0.8033619341317975,-0.4423547784167197,0.8496735691192264,-1.22593965816315,-0.7703975381852631,-1.5137346425605713,-1.1829347651116426,0.0,0.0,1.0,0.0,0.0,1.0,0.0,1.0,0
-1.5694337930141486,0.7314190743588007,0.6757628558655624,0.07439984842485882,1.210710594086589,2.4991941358105487,0.9736227513183017,0.47375520076952776,1.0,0.0,0.0,1.0,1.0,0.0,0.0,1.0,0
-1.305135922387621,-1.5707524383770965,-1.5737190776123955,-1.8280564323856587,-0.007614532038280543,0.8643982988126429,-0.731993747341497,0.9581674714950161,0.0,0.0,0.0,0.0,0.0,0.0,1.0,0.0,0
-1.2390614547309893,-1.5707524383770965,-1.6658162140577886,-2.6956227839444127,-0.007614532038280543,0.8643982988126429,1.4000268759832513,1.7719800863138369,1.0,1.0,0.0,0.0,0.0,1.0,1.0,0.0,0
-0.842614648791198,-0.8033619341317975,-0.6314780429031873,0.2558187657447059,-0.007614532038280543,0.8643982988126429,0.12081450198840235,-0.8438461756038008,1.0,1.0,0.0,0.0,1.0,0.0,0.0,1.0,0
0.08242789840164842,-1.5707524383770965,-1.2483252683040211,1.2371932687150358,-1.22593965816315,-0.7703975381852631,-0.9451958096739718,-0.16566899658811698,1.0,1.0,0.0,0.0,0.0,0.0,0.0,0.0,0
-0.9747635841044617,0.3477238222361511,0.12686338689106344,-0.25160745257778633,-1.22593965816315,-0.7703975381852631,1.0446901054291267,0.6384553728161938,1.0,0.0,0.0,1.0,0.0,0.0,0.0,1.0,0
-0.7104657134779342,-1.5707524383770965,-1.1879853032536292,1.8056031601885945,-0.007614532038280543,0.8643982988126429,-1.0873305178956216,1.2391265885157994,0.0,0.0,1.0,0.0,0.0,1.0,0.0,1.0,0
-1.1069125194177254,-0.035971429886498395,-0.1601298275672612,-0.21457984854868425,1.210710594086589,-0.7703975381852631,0.7604206889858268,-1.4445173913034064,0.0,0.0,0.0,1.0,0.0,0.0,0.0,0.0,0
-1.1729869870743574,1.1151143264814503,0.6879112128690485,-0.31312736147552606,-0.007614532038280543,-0.7703975381852631,-1.6558693507822213,1.1034911527126627,0.0,0.0,0.0,1.0,1.0,0.0,0.0,1.0,0
1.337842783877654,1.1151143264814503,-0.14549018676813158,-1.2944703211666402,-1.22593965816315,-0.7703975381852631,-1.3005325802280965,-0.6403930218990956,1.0,0.0,0.0,1.0,1.0,0.0,0.0,0.0,0
-1.305135922387621,-1.187057186254447,-0.9684308732633902,0.3667880220268352,-0.007614532038280543,0.8643982988126429,0.8314880430966518,0.30905502872286167,0.0,1.0,0.0,0.0,1.0,0.0,1.0,0.0,0
1.469991719190918,1.4988095786040998,2.6002528000021856,1.37435746598171,1.210710594086589,0.8643982988126429,1.4710942300940764,1.684785877583249,1.0,0.0,0.0,0.0,1.0,0.0,0.0,0.0,1
1.1396193809077586,0.7314190743588007,0.8996569414998253,0.3757012514967476,1.210710594086589,2.4991941358105487,0.547218626653352,0.5997023911581547,1.0,0.0,0.0,1.0,0.0,0.0,0.0,1.0,0
-1.437284857700885,0.3477238222361511,0.7584574050822374,0.7400081017113609,-0.007614532038280543,0.8643982988126429,0.8314880430966518,-0.07847478785752907,1.0,1.0,0.0,0.0,1.0,0.0,0.0,0.0,0
-0.9747635841044617,-1.187057186254447,-1.1305652299637223,-0.39687476779418834,-1.22593965816315,-0.7703975381852631,1.1157574595399515,-1.5995293179355627,1.0,0.0,0.0,1.0,0.0,1.0,1.0,0.0,0
1.6682151221608137,0.3477238222361511,0.36456668539257475,0.1215915982539283,1.210710594086589,0.8643982988126429,-0.16345491445489743,1.5007092147075631,1.0,0.0,0.0,1.0,0.0,0.0,0.0,1.0,0
0.1485023660582803,-0.035971429886498395,-0.478987365411797,-0.8153152925628698,-1.22593965816315,-0.7703975381852631,-0.589859039119847,0.6481436182307035,1.0,1.0,0.0,0.0,0.0,0.0,0.0,1.0,0
0.01635343074501654,-0.8033619341317975,-0.6217539997008378,0.28635266002585996,-0.007614532038280543,0.8643982988126429,-0.09238756034407247,0.8903497535934478,0.0,0.0,0.0,0.0,0.0,0.0,0.0,1.0,0
-1.437284857700885,0.7314190743588007,1.1580673623027584,0.7234523863056698,1.210710594086589,-0.7703975381852631,-0.9451958096739718,0.30905502872286167,0.0,0.0,0.0,0.0,1.0,0.0,0.0,1.0,0
-0.7104657134779342,-1.187057186254447,-1.0731451566738153,-0.12642269179561508,-0.007614532038280543,0.8643982988126429,0.9025553972074768,-1.086052310966545,0.0,0.0,1.0,0.0,0.0,0.0,0.0,1.0,0
-0.44616784285140665,-1.187057186254447,-0.8728245091058544,0.8170998761154323,-1.22593965816315,-0.7703975381852631,-0.3055896226765473,-0.9891698568214473,1.0,0.0,0.0,1.0,1.0,0.0,0.0,0.0,0
-1.305135922387621,1.1151143264814503,1.030342188779886,0.09009037674348025,-0.007614532038280543,-0.7703975381852631,0.26294921021005224,-0.543510567753998,1.0,0.0,1.0,0.0,1.0,0.0,1.0,0.0,0
-1.371210390044253,0.3477238222361511,-0.03595406375323562,-0.5072341873448079,-1.22593965816315,-0.7703975381852631,0.26294921021005224,-0.3884986411218417,0.0,1.0,0.0,0.0,0.0,0.0,0.0,0.0,0
-0.5122423105080385,-0.035971429886498395,0.36632129924864604,0.777267023121381,-0.007614532038280543,0.8643982988126429,0.7604206889858268,0.5803259003291352,0.0,0.0,0.0,1.0,0.0,0.0,0.0,1.0,0
-1.305135922387621,-1.187057186254447,-1.4972795258826312,-2.12412165110768,-0.007614532038280543,-0.7703975381852631,1.3289595218724264,1.4038267605624655,0.0,1.0,0.0,0.0,1.0,0.0,0.0,0.0,0
0.346725769028176,0.3477238222361511,-0.04172687727969925,-0.5162976229062246,-0.007614532038280543,-0.7703975381852631,1.1868248136507764,-1.638282299593602,1.0,0.0,1.0,0.0,0.0,0.0,0.0,1.0,0
-0.04972103691161534,1.1151143264814503,0.37577746247296934,-0.6806696509011588,-1.22593965816315,-0.7703975381852631,-0.8030611014523219,-1.638282299593602,0.0,1.0,0.0,0.0,0.0,0.0,1.0,0.0,0
-1.437284857700885,1.4988095786040998,0.7859284968288198,-0.5246600967072848,-0.007614532038280543,0.8643982988126429,0.618285980764177,-1.5995293179355627,0.0,1.0,0.0,0.0,1.0,0.0,0.0,0.0,0
-1.305135922387621,-0.8033619341317975,-0.8006978250223113,-0.2755382870763776,1.210710594086589,2.4991941358105487,-1.4426672884497465,1.6460328959252097,1.0,0.0,0.0,0.0,1.0,0.0,1.0,0.0,1
1.0074704455944947,-0.035971429886498395,-0.31050425323224495,-0.4978889651557272,1.210710594086589,0.8643982988126429,-1.0873305178956216,-0.6016400402410566,1.0,0.0,0.0,1.0,0.0,0.0,0.0,0.0,0
0.7431725749679673,1.1151143264814503,1.1874404018933271,0.27507593770611594,1.210710594086589,0.8643982988126429,0.12081450198840235,-0.9019756480908594,0.0,0.0,0.0,1.0,1.0,0.0,0.0,1.0,0
1.6021406545041816,-0.8033619341317975,-0.9411205095036234,-0.7164712728113969,-0.007614532038280543,0.8643982988126429,0.26294921021005224,1.1906853614432507,0.0,0.0,0.0,1.0,1.0,0.0,0.0,1.0,0
-0.04972103691161534,1.4988095786040998,1.1426508695673534,-0.15128580543548056,1.210710594086589,0.8643982988126429,-0.731993747341497,0.502819937013057,1.0,1.0,0.0,0.0,0.0,1.0,0.0,0.0,0
0.5449491719980716,-0.8033619341317975,-0.8084395563872673,-0.299847640925561,1.210710594086589,2.4991941358105487,0.12081450198840235,0.38656099203893984,1.0,0.0,0.0,0.0,0.0,0.0,0.0,0.0,0
-0.44616784285140665,-1.187057186254447,-1.2590002854283637,-1.0018117765999546,-1.22593965816315,-0.7703975381852631,-0.09238756034407247,-0.921352138919879,1.0,0.0,1.0,0.0,0.0,0.0,1.0,0.0,0
0.5449491719980716,1.4988095786040998,1.0927716176588824,-0.20349343734687653,-0.007614532038280543,-0.7703975381852631,1.5421615842049012,0.3671845012099203,1.0,0.0,0.0,1.0,0.0,0.0,1.0,0.0,0
-0.7104657134779342,1.1151143264814503,1.391256883174529,0.5150729776215742,-0.007614532038280543,-0.7703975381852631,0.26294921021005224,0.1152901204326663,0.0,1.0,0.0,0.0,0.0,0.0,0.0,1.0,0
1.6021406545041816,-1.187057186254447,-0.9320125902507339,0.5383203744038173,-1.22593965816315,-0.7703975381852631,1.3289595218724264,0.9291027352514869,0.0,0.0,0.0,0.0,0.0,0.0,1.0,0.0,1
-1.1729869870743574,-0.4196666820091479,-0.21501843506482068,0.38757504303022494,1.210710594086589,-0.7703975381852631,-0.8741284555631469,-0.23348671448968536,0.0,0.0,0.0,0.0,1.0,0.0,1.0,0.0,0
1.2056938485643904,0.3477238222361511,-0.1967758085612395,-0.7597276230430325,-1.22593965816315,-0.7703975381852631,0.04974714787757741,0.2412373108212933,0.0,0.0,0.0,1.0,0.0,0.0,0.0,1.0,0
1.4039172515342861,1.4988095786040998,1.8220346758383934,0.5598118619763652,-1.22593965816315,-0.7703975381852631,1.5421615842049012,0.23154906540678352,0.0,0.0,0.0,0.0,0.0,0.0,0.0,1.0,0
1.5360661868475498,-1.187057186254447,-0.9029208246370933,0.6753443793184193,-0.007614532038280543,-0.7703975381852631,0.26294921021005224,-1.6189058087645822,1.0,0.0,0.0,0.0,0.0,1.0,0.0,0.0,0
0.5449491719980716,-0.4196666820091479,-0.41770982043831334,-0.08976940134654357,1.210710594086589,2.4991941358105487,-1.1583978720064467,-1.463893882132426,1.0,1.0,0.0,0.0,1.0,0.0,1.0,0.0,0
-0.5122423105080385,-1.187057186254447,-1.3318636394514787,-1.3450026544707823,-1.22593965816315,-0.7703975381852631,-0.4477243308981972,1.432891496805995,0.0,0.0,1.0,0.0,0.0,0.0,0.0,0.0,1
0.2806513013715441,-0.8033619341317975,-0.8849058961148341,-0.5399550823182762,1.210710594086589,0.8643982988126429,1.2578921677616015,1.2391265885157994,1.0,0.0,0.0,0.0,0.0,0.0,1.0,0.0,0
-0.842614648791198,1.1151143264814503,1.7699722021090096,0.9610160875387459,1.210710594086589,0.8643982988126429,-1.3715999343389216,-0.4660046044379198,0.0,0.0,1.0,0.0,0.0,0.0,0.0,1.0,0
1.4039172515342861,0.3477238222361511,-0.1427712049911661,-0.6749392885102398,-0.007614532038280543,-0.7703975381852631,0.547218626653352,-0.49506934068144914,0.0,0.0,0.0,0.0,0.0,0.0,0.0,1.0,0
0.47887470434143975,1.4988095786040998,1.0418074518394063,-0.2568366273100503,1.210710594086589,-0.7703975381852631,0.04974714787757741,-1.5123351092049748,0.0,0.0,0.0,0.0,1.0,0.0,0.0,1.0,0
0.6110236396547035,0.3477238222361511,0.37771959231365904,0.14224193171404784,1.210710594086589,0.8643982988126429,-0.23452226856572236,0.07653713877462723,0.0,0.0,0.0,0.0,0.0,1.0,1.0,0.0,1
1.7342895898174455,-0.4196666820091479,-0.2101162314669422,0.39911988322330566,-1.22593965816315,-0.7703975381852631,1.4000268759832513,-1.1926230105261524,1.0,0.0,0.0,1.0,0.0,1.0,0.0,1.0,0
-0.11579550456824722,-0.8033619341317975,-0.990169333480213,-0.8704865907970553,-1.22593965816315,-0.7703975381852631,1.3289595218724264,1.3069443064173678,0.0,0.0,0.0,1.0,0.0,0.0,0.0,1.0,0
0.01635343074501654,0.3477238222361511,1.0752120850992675,1.2373194418319,-1.22593965816315,-0.7703975381852631,-0.09238756034407247,-0.3497456594638026,0.0,0.0,0.0,1.0,0.0,1.0,0.0,0.0,0
1.4039172515342861,-0.035971429886498395,0.27481349875491023,0.6048640762380352,-0.007614532038280543,-0.7703975381852631,0.12081450198840235,-0.6210165310700761,0.0,0.0,1.0,0.0,0.0,1.0,0.0,0.0,1
1.6682151221608137,1.4988095786040998,0.5981178442346804,-0.7212378127818249,1.210710594086589,2.4991941358105487,-0.589859039119847,-0.33036916863478305,1.0,0.0,1.0,0.0,0.0,1.0,1.0,0.0,0
1.2056938485643904,-1.187057186254447,-0.9415625114673665,0.4933396582417033,-0.007614532038280543,-0.7703975381852631,-0.9451958096739718,1.1034911527126627,0.0,0.0,0.0,1.0,0.0,1.0,0.0,1.0,0
1.0735449132511268,-1.5707524383770965,-1.0731183686760126,2.887663810416616,1.210710594086589,0.8643982988126429,-0.9451958096739718,1.5007092147075631,1.0,0.0,1.0,0.0,0.0,1.0,1.0,0.0,0
1.4039172515342861,1.4988095786040998,0.04055245797103525,-1.3048305359847177,-0.007614532038280543,-0.7703975381852631,1.3289595218724264,1.723538859241288,1.0,1.0,0.0,0.0,1.0,0.0,1.0,0.0,0
-1.6355082606707805,1.4988095786040998,1.7398892805766726,0.47383189245096596,-0.007614532038280543,0.8643982988126429,0.547218626653352,-1.211999501355172,0.0,0.0,1.0,0.0,1.0,0.0,0.0,0.0,1
-0.842614648791198,-0.035971429886498395,-0.7846384203396432,-1.3911693979314204,1.210710594086589,-0.7703975381852631,-0.8741284555631469,0.6481436182307035,1.0,1.0,0.0,0.0,1.0,0.0,0.0,0.0,1
-1.0408380517610936,-1.5707524383770965,-1.0473483147898963,3.130420887263481,-1.22593965816315,-0.7703975381852631,0.12081450198840235,1.345697288075407,1.0,0.0,0.0,1.0,0.0,1.0,0.0,0.0,0
-0.44616784285140665,-0.035971429886498395,-0.26753630475684903,-0.4169362933756081,-0.007614532038280543,-0.7703975381852631,-0.9451958096739718,-1.5123351092049748,0.0,1.0,0.0,0.0,1.0,0.0,1.0,0.0,0
-1.371210390044253,-0.8033619341317975,-0.49385470419224864,0.6879616910048475,1.210710594086589,-0.7703975381852631,0.547218626653352,-0.049410051613999764,0.0,0.0,0.0,1.0,0.0,1.0,0.0,1.0,0
-1.1729869870743574,1.1151143264814503,1.219853879234492,0.3132433055575588,-1.22593965816315,-0.7703975381852631,-1.5137346425605713,-0.35943390487831234,1.0,0.0,0.0,1.0,0.0,1.0,0.0,0.0,0
-1.437284857700885,-0.035971429886498395,-0.2819214595768537,-0.4440382788780543,-1.22593965816315,-0.7703975381852631,0.9736227513183017,-0.4756928498524296,0.0,0.0,0.0,1.0,1.0,0.0,0.0,0.0,0
1.5360661868475498,-0.035971429886498395,-0.028788274341035716,0.03287086824553198,1.210710594086589,0.8643982988126429,-1.1583978720064467,0.37687274662443004,1.0,0.0,1.0,0.0,0.0,0.0,0.0,0.0,0
-0.842614648791198,0.3477238222361511,-0.41290137483274375,-1.099049191996689,1.210710594086589,2.4991941358105487,0.6893533348750019,1.5007092147075631,0.0,0.0,0.0,0.0,0.0,1.0,0.0,1.0,0
0.8092470426245991,0.7314190743588007,0.29692699094096986,-0.43541164263073384,1.210710594086589,0.8643982988126429,-1.4426672884497465,0.7934672994483501,0.0,0.0,0.0,0.0,0.0,1.0,1.0,0.0,0
1.337842783877654,-0.4196666820091479,-0.20675433774271393,0.40703724630653887,1.210710594086589,2.4991941358105487,-0.37665697678737226,0.6287671274016841,0.0,1.0,0.0,0.0,1.0,0.0,1.0,0.0,0
1.5360661868475498,1.1151143264814503,0.8571711769848767,-0.11382115174879562,-1.22593965816315,-0.7703975381852631,0.618285980764177,-0.030033560784980227,1.0,0.0,0.0,0.0,0.0,1.0,0.0,1.0,0
1.337842783877654,-1.5707524383770965,-1.6574449647444711,-2.616764585904241,-1.22593965816315,-0.7703975381852631,-0.731993747341497,-1.386387918816348,1.0,0.0,0.0,1.0,0.0,1.0,1.0,0.0,0
-0.44616784285140665,-0.035971429886498395,0.4124770194625531,0.8642255352642392,-0.007614532038280543,-0.7703975381852631,-0.4477243308981972,-0.2722396961477244,1.0,0.0,0.0,0.0,0.0,1.0,0.0,1.0,1
1.7342895898174455,-0.035971429886498395,0.49395271477920893,1.017727749241316,1.210710594086589,0.8643982988126429,0.3340165643208772,-0.3206809232202733,0.0,1.0,0.0,0.0,1.0,0.0,0.0,0.0,0
1.6021406545041816,0.3477238222361511,0.28001037032861786,-0.011163549540100078,-1.22593965816315,-0.7703975381852631,-1.5137346425605713,-0.7760284577022324,1.0,0.0,0.0,1.0,0.0,0.0,0.0,1.0,1
-1.1729869870743574,1.4988095786040998,1.0521878009879198,-0.24597172002451548,1.210710594086589,0.8643982988126429,-1.4426672884497465,-0.1947337328316463,0.0,0.0,1.0,0.0,0.0,0.0,1.0,0.0,0
0.08242789840164842,0.3477238222361511,0.38054572608183485,0.14667901965710772,-0.007614532038280543,-0.7703975381852631,-1.7269367048930462,-0.12691601493007793,0.0,0.0,0.0,1.0,1.0,0.0,0.0,0.0,0
1.6021406545041816,0.7314190743588007,1.1098891482547542,0.6586174289684131,-0.007614532038280543,0.8643982988126429,0.9025553972074768,-1.0376110838939963,1.0,0.0,0.0,1.0,0.0,1.0,0.0,0.0,0
1.4039172515342861,-1.187057186254447,-0.9782084924613449,0.3207348343713751,-0.007614532038280543,-0.7703975381852631,-0.3055896226765473,1.5200857055365828,0.0,1.0,0.0,0.0,0.0,0.0,0.0,0.0,0
0.2806513013715441,-0.035971429886498395,-0.3163038547565112,-0.5088155570761732,-0.007614532038280543,0.8643982988126429,-1.0873305178956216,-0.6307047764845859,1.0,0.0,1.0,0.0,1.0,0.0,0.0,0.0,1
-1.437284857700885,0.3477238222361511,-0.19456579874252386,-0.7562578623292653,-1.22593965816315,-0.7703975381852631,-0.8030611014523219,-0.35943390487831234,0.0,0.0,0.0,1.0,1.0,0.0,0.0,1.0,0
-0.9747635841044617,-0.4196666820091479,0.38677393557094314,1.8048145782081926,1.210710594086589,0.8643982988126429,-0.9451958096739718,-0.3497456594638026,1.0,0.0,1.0,0.0,0.0,1.0,1.0,0.0,0
-0.3140189075381429,0.7314190743588007,0.9132384563857514,0.3939783287110868,-0.007614532038280543,-0.7703975381852631,0.4761512725425271,-0.9310403843343887,0.0,0.0,0.0,1.0,0.0,1.0,1.0,0.0,0
1.1396193809077586,1.4988095786040998,1.1551742585400762,-0.13817782051680344,1.210710594086589,0.8643982988126429,1.4000268759832513,-0.6597695127281152,0.0,0.0,0.0,1.0,1.0,0.0,0.0,0.0,0
-1.5694337930141486,1.1151143264814503,-0.031560832113606364,-1.1603167546606996,1.210710594086589,0.8643982988126429,-0.8741284555631469,0.5318846732565864,1.0,1.0,0.0,0.0,1.0,0.0,0.0,1.0,0
-0.3140189075381429,-0.035971429886498395,-0.3185004705763255,-0.5129540353093212,-1.22593965816315,-0.7703975381852631,0.9025553972074768,-0.45631635902341006,1.0,0.0,0.0,1.0,1.0,0.0,1.0,0.0,1
-0.5783167781646704,1.1151143264814503,0.63856772091663,-0.3712300817915249,1.210710594086589,-0.7703975381852631,-1.7269367048930462,-0.7566519668732129,0.0,0.0,0.0,1.0,0.0,0.0,0.0,1.0,1
1.1396193809077586,1.4988095786040998,2.0134081321402806,0.760118694616005,-0.007614532038280543,-0.7703975381852631,-1.1583978720064467,0.6481436182307035,1.0,0.0,0.0,1.0,0.0,1.0,0.0,1.0,0
1.6682151221608137,-1.187057186254447,-1.1219127066734775,-0.35612085104702773,1.210710594086589,-0.7703975381852631,1.1157574595399515,-1.6479705450081117,0.0,0.0,0.0,0.0,1.0,0.0,0.0,1.0,1
0.21457683371491218,-0.035971429886498395,0.13692228006594565,0.34507362861449414,1.210710594086589,0.8643982988126429,0.26294921021005224,-0.3206809232202733,0.0,0.0,1.0,0.0,0.0,1.0,1.0,0.0,0
0.08242789840164842,0.3477238222361511,-0.12026928683696861,-0.6396108157882423,-0.007614532038280543,-0.7703975381852631,0.4050839184317021,-0.9891698568214473,0.0,1.0,0.0,0.0,0.0,0.0,0.0,1.0,0
-0.11579550456824722,0.3477238222361511,1.54272961674942,1.9713315491898193,1.210710594086589,-0.7703975381852631,-1.2294652261172716,0.4059374828679594,0.0,1.0,0.0,0.0,1.0,0.0,0.0,1.0,0
1.5360661868475498,-0.4196666820091479,-0.382938999290518,-0.007883048501629044,-0.007614532038280543,-0.7703975381852631,1.5421615842049012,-1.7448529991532093,0.0,1.0,0.0,0.0,0.0,1.0,1.0,0.0,0
-1.5033593253575168,1.4988095786040998,1.3809301100216205,0.09811638889956896,-1.22593965816315,-0.7703975381852631,-0.731993747341497,1.4038267605624655,1.0,0.0,0.0,1.0,0.0,0.0,0.0,1.0,0
0.8753215102812311,-0.4196666820091479,-0.47779529950958044,-0.23127255190982757,-0.007614532038280543,-0.7703975381852631,0.9025553972074768,-1.7254765083241899,1.0,0.0,1.0,0.0,1.0,0.0,0.0,1.0,0
-1.0408380517610936,0.3477238222361511,-0.4352961409957306,-1.1342094338962005,1.210710594086589,-0.7703975381852631,-1.5137346425605713,0.3671845012099203,1.0,0.0,0.0,0.0,0.0,1.0,0.0,0.0,0
-1.5033593253575168,-0.4196666820091479,-0.4913098444010002,-0.263099720638841,-0.007614532038280543,0.8643982988126429,1.4000268759832513,1.762291840899327,0.0,0.0,0.0,0.0,1.0,0.0,0.0,0.0,1
1.2717683162210223,-0.035971429886498395,-0.08820405346723773,-0.0790699210364529,1.210710594086589,0.8643982988126429,-0.8030611014523219,0.3574962557954105,1.0,1.0,0.0,0.0,0.0,1.0,1.0,0.0,0
1.0735449132511268,0.7314190743588007,0.4594765616072424,-0.2166635074500428,-1.22593965816315,-0.7703975381852631,-1.5848019966713962,-0.6113282856555664,1.0,0.0,1.0,0.0,0.0,1.0,0.0,1.0,0
0.01635343074501654,-1.187057186254447,-1.0375706955919415,0.041135207400141996,1.210710594086589,0.8643982988126429,-0.16345491445489743,-0.6307047764845859,1.0,0.0,0.0,0.0,0.0,0.0,0.0,0.0,0
0.7431725749679673,1.1151143264814503,1.1484638650905206,0.22918046644673537,-0.007614532038280543,0.8643982988126429,-0.09238756034407247,-1.2895054646712503,0.0,1.0,0.0,0.0,0.0,0.0,0.0,1.0,0
0.08242789840164842,0.7314190743588007,1.258482172065864,0.8585837944673086,-0.007614532038280543,-0.7703975381852631,0.7604206889858268,-1.628594054179092,1.0,0.0,0.0,0.0,0.0,0.0,0.0,1.0,0
-1.371210390044253,0.3477238222361511,-0.2388463591102474,-0.8257792497214799,-0.007614532038280543,-0.7703975381852631,-0.16345491445489743,1.6266564050961902,1.0,0.0,0.0,0.0,0.0,0.0,0.0,1.0,0
1.0735449132511268,-0.8033619341317975,-1.1487274924738957,-1.3683657099434838,-0.007614532038280543,-0.7703975381852631,1.1157574595399515,-0.45631635902341006,1.0,0.0,1.0,0.0,0.0,0.0,1.0,0.0,1
-0.9747635841044617,-0.4196666820091479,-0.0824178459418725,0.6998535072693053,-1.22593965816315,-0.7703975381852631,-0.9451958096739718,1.2197500976867799,0.0,1.0,0.0,0.0,0.0,1.0,0.0,0.0,1
-0.842614648791198,0.3477238222361511,0.6438315624848444,0.5600431793572835,1.210710594086589,0.8643982988126429,-0.4477243308981972,-0.4369398681943905,1.0,0.0,0.0,0.0,0.0,0.0,1.0,0.0,0
1.0074704455944947,1.4988095786040998,0.27245615494828035,-1.062101497608267,-1.22593965816315,-0.7703975381852631,-1.5137346425605713,1.3941385151479557,0.0,0.0,0.0,1.0,0.0,1.0,0.0,0.0,0
0.5449491719980716,-0.4196666820091479,0.014916344073931801,0.9290785173324763,-0.007614532038280543,-0.7703975381852631,-0.4477243308981972,1.3263207972463873,0.0,0.0,0.0,1.0,0.0,1.0,1.0,0.0,0
0.8092470426245991,-1.187057186254447,-0.5462520278941652,2.355276343807808,-0.007614532038280543,-0.7703975381852631,-0.589859039119847,0.841908526520899,1.0,0.0,0.0,0.0,1.0,0.0,1.0,0.0,0
0.9413959779378629,0.7314190743588007,1.0224263354292134,0.5409159356650253,1.210710594086589,-0.7703975381852631,0.9025553972074768,1.132555888956192,0.0,0.0,1.0,0.0,0.0,1.0,0.0,0.0,1
0.47887470434143975,1.1151143264814503,1.242087917410663,0.3394242273068957,-1.22593965816315,-0.7703975381852631,1.6132289383157261,-1.5220233546194846,1.0,0.0,1.0,0.0,0.0,1.0,0.0,1.0,0
0.5449491719980716,1.4988095786040998,0.4973547905001411,-0.8267045192451515,1.210710594086589,-0.7703975381852631,-1.6558693507822213,0.41562572828246913,0.0,0.0,0.0,0.0,0.0,0.0,1.0,0.0,0
0.08242789840164842,-1.187057186254447,-1.0521835483932684,-0.027692227849320118,-1.22593965816315,-0.7703975381852631,1.2578921677616015,-0.4660046044379198,1.0,0.0,1.0,0.0,0.0,1.0,1.0,0.0,0
0.6770981073113354,1.1151143264814503,0.02735936905324679,-1.0909373120249568,-1.22593965816315,-0.7703975381852631,0.3340165643208772,-1.047299329308506,1.0,0.0,1.0,0.0,0.0,0.0,1.0,0.0,0
0.01635343074501654,-0.4196666820091479,-1.2604334433108038,-2.0744094430631557,-1.22593965816315,-0.7703975381852631,0.26294921021005224,-1.6092175633500725,0.0,0.0,0.0,1.0,0.0,1.0,0.0,1.0,0
1.6682151221608137,1.1151143264814503,0.022497347452072183,-1.096662417202673,-0.007614532038280543,-0.7703975381852631,1.0446901054291267,0.9969204531530552,1.0,1.0,0.0,0.0,0.0,1.0,1.0,0.0,0
-0.04972103691161534,-0.035971429886498395,-0.3933595304357355,-0.653990345340208,-0.007614532038280543,0.8643982988126429,-0.16345491445489743,0.5706376549146255,0.0,1.0,0.0,0.0,0.0,0.0,0.0,1.0,0
-0.44616784285140665,-1.187057186254447,-0.9543002044225103,0.4333443411727406,-1.22593965816315,-0.7703975381852631,-1.5137346425605713,-0.6403930218990956,1.0,0.0,0.0,0.0,1.0,0.0,1.0,0.0,0
-0.3140189075381429,-1.187057186254447,-1.304566669690613,-1.216432248386086,-0.007614532038280543,-0.7703975381852631,-0.4477243308981972,0.1443548566761956,0.0,0.0,0.0,0.0,0.0,1.0,0.0,0.0,0
0.346725769028176,1.4988095786040998,1.3344395398351805,0.04945562349558006,1.210710594086589,2.4991941358105487,-0.16345491445489743,1.510397460122073,0.0,0.0,0.0,0.0,0.0,1.0,0.0,0.0,0
0.21457683371491218,-0.8033619341317975,-0.8405583657526037,-0.40070201900573815,-0.007614532038280543,-0.7703975381852631,-0.660926393230672,-1.7448529991532093,0.0,0.0,0.0,1.0,0.0,0.0,1.0,0.0,1
-1.1069125194177254,-1.5707524383770965,-1.287074107125505,0.8721744416266884,-1.22593965816315,-0.7703975381852631,-1.3005325802280965,1.4522679876350144,0.0,0.0,0.0,1.0,0.0,0.0,1.0,0.0,0
-0.44616784285140665,1.4988095786040998,-0.2570220156193224,-1.616295884581784,-1.22593965816315,-0.7703975381852631,-0.37665697678737226,-1.2604407284277208,0.0,0.0,1.0,0.0,1.0,0.0,0.0,1.0,0
0.01635343074501654,0.3477238222361511,-0.24041345698170052,-0.8282396255003336,-0.007614532038280543,0.8643982988126429,-0.8741284555631469,-0.1366042603445877,1.0,0.0,0.0,1.0,1.0,0.0,0.0,0.0,1
-0.04972103691161534,0.3477238222361511,1.3916185211448642,1.7340840317793609,-1.22593965816315,-0.7703975381852631,0.8314880430966518,-0.9407286297488985,1.0,1.0,0.0,0.0,1.0,0.0,1.0,0.0,1
0.9413959779378629,-0.4196666820091479,0.11069683021718457,1.1546445070065836,-0.007614532038280543,0.8643982988126429,0.4050839184317021,-0.9697933659924278,0.0,0.0,0.0,1.0,0.0,1.0,1.0,0.0,0
1.1396193809077586,-1.5707524383770965,-1.5196475040478152,-1.3186955596045808,-1.22593965816315,-0.7703975381852631,0.6893533348750019,0.20248432916325423,1.0,0.0,0.0,0.0,0.0,1.0,1.0,0.0,0
0.21457683371491218,-1.187057186254447,-1.182627703693106,-0.6420922204199067,-1.22593965816315,-0.7703975381852631,0.9736227513183017,-0.12691601493007793,1.0,1.0,0.0,0.0,0.0,0.0,0.0,1.0,0
-0.04972103691161534,1.1151143264814503,0.18618540802495606,-0.9039172095528851,-0.007614532038280543,0.8643982988126429,-1.5848019966713962,-0.5919517948265468,0.0,0.0,1.0,0.0,0.0,0.0,0.0,0.0,1
-0.44616784285140665,-0.035971429886498395,0.24735580100722904,0.5531330983236828,-1.22593965816315,-0.7703975381852631,-0.37665697678737226,-0.4756928498524296,0.0,1.0,0.0,0.0,0.0,0.0,0.0,1.0,0
-1.437284857700885,-0.035971429886498395,-0.37255865014200434,-0.6148009752421643,-0.007614532038280543,0.8643982988126429,-0.09238756034407247,-0.6985224943861543,0.0,0.0,0.0,1.0,1.0,0.0,0.0,0.0,0
1.2717683162210223,-0.035971429886498395,0.32536245060844654,0.7000995448471906,-0.007614532038280543,0.8643982988126429,1.3289595218724264,-1.3573231825728185,0.0,0.0,0.0,1.0,1.0,0.0,0.0,0.0,0
-0.38009337519477476,-0.035971429886498395,-0.6077438768500697,-1.0578957270461244,-0.007614532038280543,-0.7703975381852631,-1.798004059003871,-0.16566899658811698,1.0,0.0,1.0,0.0,1.0,0.0,0.0,0.0,0
1.337842783877654,0.3477238222361511,-0.19890545438654733,-0.7630712106399357,1.210710594086589,-0.7703975381852631,1.4710942300940764,0.2703020470648226,1.0,0.0,0.0,0.0,0.0,1.0,0.0,0.0,1
-1.6355082606707805,0.7314190743588007,0.4300365520221676,-0.256281866145425,-1.22593965816315,-0.7703975381852631,-0.9451958096739718,-0.5144458315104686,0.0,0.0,1.0,0.0,0.0,1.0,0.0,1.0,0
-0.9747635841044617,1.4988095786040998,0.6040513857479599,-0.7150272915850613,1.210710594086589,0.8643982988126429,-0.731993747341497,1.762291840899327,1.0,0.0,1.0,0.0,0.0,0.0,1.0,0.0,0
-1.437284857700885,-0.035971429886498395,-0.12904235611732554,-0.1560102877002879,-1.22593965816315,-0.7703975381852631,0.1918818560992273,0.05716064794560769,1.0,0.0,1.0,0.0,1.0,0.0,0.0,0.0,0
-1.2390614547309893,-0.035971429886498395,-0.37652327381679157,-0.6222704237605294,-0.007614532038280543,-0.7703975381852631,0.9025553972074768,0.09591362960364677,0.0,0.0,1.0,0.0,0.0,1.0,0.0,0.0,0
0.1485023660582803,1.1151143264814503,0.7373618568126774,-0.2548984680426631,-0.007614532038280543,0.8643982988126429,0.1918818560992273,-0.30130443239125376,1.0,0.0,0.0,1.0,1.0,0.0,0.0,1.0,1
0.6770981073113354,1.1151143264814503,2.0462636114451893,1.286353469373279,-0.007614532038280543,-0.7703975381852631,-1.0162631637847968,0.9387909806659966,1.0,0.0,0.0,0.0,0.0,1.0,0.0,0.0,0
-1.2390614547309893,-0.035971429886498395,-0.28048830169441386,-0.44133817417715887,-0.007614532038280543,-0.7703975381852631,0.3340165643208772,1.4232032513914852,0.0,1.0,0.0,0.0,1.0,0.0,0.0,1.0,0
-0.38009337519477476,0.3477238222361511,0.30308823043557137,0.02506916385275757,-1.22593965816315,-0.7703975381852631,-0.4477243308981972,-1.1538700288681134,1.0,0.0,0.0,0.0,0.0,1.0,0.0,0.0,0
0.6110236396547035,1.1151143264814503,1.2857121718322229,0.39079245751026387,-1.22593965816315,-0.7703975381852631,0.618285980764177,1.3166325518318776,1.0,0.0,0.0,0.0,0.0,1.0,1.0,0.0,0
1.6682151221608137,-0.035971429886498395,0.520405862609292,1.0675661304027044,-1.22593965816315,-0.7703975381852631,1.0446901054291267,-0.7469637214587032,1.0,0.0,1.0,0.0,0.0,1.0,0.0,0.0,0
1.6682151221608137,0.3477238222361511,0.5277055920105046,0.3777230254884058,1.210710594086589,-0.7703975381852631,0.12081450198840235,-1.3670114279873282,0.0,0.0,0.0,0.0,0.0,1.0,1.0,0.0,0
0.8753215102812311,-1.187057186254447,-0.7886164380133315,1.2137250689782813,1.210710594086589,0.8643982988126429,0.618285980764177,1.762291840899327,0.0,0.0,1.0,0.0,0.0,0.0,0.0,0.0,1
-0.3140189075381429,-0.035971429886498395,-0.6005914814367713,-1.04442043816502,1.210710594086589,0.8643982988126429,0.1918818560992273,1.597591668852661,1.0,1.0,0.0,0.0,1.0,0.0,0.0,1.0,0
1.2056938485643904,-1.5707524383770965,-1.661958742374212,-2.659284926287502,-1.22593965816315,-0.7703975381852631,1.2578921677616015,-0.45631635902341006,0.0,0.0,1.0,0.0,0.0,1.0,0.0,0.0,1
-1.6355082606707805,-1.187057186254447,-0.935923637929916,0.5198990993416327,-0.007614532038280543,-0.7703975381852631,0.9025553972074768,1.510397460122073,1.0,1.0,0.0,0.0,0.0,1.0,1.0,0.0,0
0.7431725749679673,-0.4196666820091479,-0.9507240067158611,-1.3450341977499982,-0.007614532038280543,0.8643982988126429,0.1918818560992273,-0.7857167031167421,0.0,0.0,0.0,0.0,1.0,0.0,0.0,0.0,0
1.337842783877654,-0.8033619341317975,-0.13393116571630273,1.8181363564637791,-0.007614532038280543,0.8643982988126429,0.547218626653352,-1.4542056367179161,1.0,0.0,1.0,0.0,0.0,1.0,0.0,1.0,0
1.0735449132511268,-1.5707524383770965,-1.6489263814432393,-2.536518483578562,1.210710594086589,0.8643982988126429,-1.1583978720064467,-0.07847478785752907,0.0,0.0,0.0,1.0,0.0,1.0,0.0,0.0,0
-1.5033593253575168,1.1151143264814503,1.8446437459838012,1.0489429783535373,1.210710594086589,0.8643982988126429,0.7604206889858268,-0.8050931939457617,1.0,1.0,0.0,0.0,1.0,0.0,1.0,0.0,0
0.5449491719980716,-0.8033619341317975,-1.0106889397970165,-0.9349189958090781,-1.22593965816315,-0.7703975381852631,1.5421615842049012,0.4543787099405082,1.0,0.0,0.0,0.0,0.0,0.0,0.0,1.0,0
-0.842614648791198,-1.5707524383770965,-1.2053841078264282,1.6417042813819012,-0.007614532038280543,-0.7703975381852631,-1.3715999343389216,-0.059098297028509536,0.0,1.0,0.0,0.0,0.0,0.0,0.0,0.0,1
-0.6443912458213022,-1.187057186254447,-1.4125490888329575,-1.725036082465978,1.210710594086589,-0.7703975381852631,-1.2294652261172716,-0.34005741404929285,1.0,0.0,1.0,0.0,0.0,1.0,0.0,1.0,0
0.5449491719980716,1.4988095786040998,1.395596538818553,0.11346745145138945,-1.22593965816315,-0.7703975381852631,-0.731993747341497,-0.1947337328316463,1.0,0.0,0.0,1.0,0.0,0.0,0.0,1.0,0
-0.11579550456824722,-1.187057186254447,-1.1633805272719266,-0.5514368359529251,1.210710594086589,0.8643982988126429,-0.37665697678737226,0.3671845012099203,0.0,1.0,0.0,0.0,0.0,0.0,0.0,0.0,0
-0.842614648791198,-1.187057186254447,-1.3663933686190506,-1.5076398021088324,-0.007614532038280543,-0.7703975381852631,-0.8741284555631469,0.47375520076952776,0.0,1.0,0.0,0.0,0.0,1.0,0.0,1.0,0
-1.305135922387621,0.3477238222361511,0.40474868209649845,0.18467815668606574,-1.22593965816315,-0.7703975381852631,-1.7269367048930462,1.1519323797852115,1.0,1.0,0.0,0.0,0.0,1.0,1.0,0.0,0
0.8753215102812311,0.7314190743588007,-0.33204180346554796,-1.2818349847492323,1.210710594086589,0.8643982988126429,-0.021320206233247534,-0.9891698568214473,1.0,0.0,0.0,0.0,0.0,0.0,1.0,0.0,0
-1.5694337930141486,0.7314190743588007,0.3458418749285463,-0.36958532508954367,-1.22593965816315,-0.7703975381852631,0.547218626653352,1.0259851893965846,1.0,0.0,0.0,1.0,0.0,1.0,0.0,1.0,0
-0.9747635841044617,1.4988095786040998,1.9565238188064262,0.7005790026912749,-0.007614532038280543,0.8643982988126429,1.4710942300940764,0.23154906540678352,0.0,0.0,0.0,1.0,0.0,1.0,0.0,0.0,0
-1.2390614547309893,-1.187057186254447,-1.123560168538338,-0.36388049773418035,-1.22593965816315,-0.7703975381852631,1.6132289383157261,-1.6964117720806604,0.0,0.0,0.0,1.0,0.0,0.0,0.0,1.0,0
-1.2390614547309893,0.3477238222361511,-0.39345328842804456,-1.0685152977155343,-1.22593965816315,-0.7703975381852631,-0.589859039119847,-1.638282299593602,1.0,1.0,0.0,0.0,1.0,0.0,0.0,1.0,0
0.8753215102812311,0.3477238222361511,0.7756017236759114,0.7669250333090728,-1.22593965816315,-0.7703975381852631,-1.0162631637847968,-0.17535724200262676,1.0,1.0,0.0,0.0,0.0,0.0,0.0,1.0,0
0.8753215102812311,0.7314190743588007,0.5747587101507994,-0.06152464789992637,1.210710594086589,0.8643982988126429,-0.5187916850090222,-1.589841072521053,1.0,1.0,0.0,0.0,0.0,0.0,1.0,0.0,1
-0.9086891164478298,-1.5707524383770965,-1.232426591608169,1.3869607584329302,-0.007614532038280543,0.8643982988126429,0.6893533348750019,1.6169681596816805,1.0,1.0,0.0,0.0,0.0,0.0,0.0,1.0,0
1.6682151221608137,-0.4196666820091479,-0.013545903591347485,0.8620490489983302,1.210710594086589,0.8643982988126429,0.8314880430966518,-0.7178989852151738,0.0,0.0,1.0,0.0,0.0,1.0,1.0,0.0,0
-0.247944439881511,1.1151143264814503,1.9168507940607524,1.133967887480451,-1.22593965816315,-0.7703975381852631,-0.731993747341497,0.6287671274016841,1.0,0.0,1.0,0.0,0.0,0.0,0.0,1.0,0
1.6682151221608137,-0.8033619341317975,-0.5494531936315777,0.513380154970312,-1.22593965816315,-0.7703975381852631,1.4000268759832513,-1.047299329308506,1.0,0.0,0.0,0.0,0.0,1.0,0.0,1.0,0
1.6682151221608137,-1.5707524383770965,-1.0591082458252445,3.019640890656647,1.210710594086589,-0.7703975381852631,-1.3005325802280965,-1.7254765083241899,0.0,1.0,0.0,0.0,1.0,0.0,0.0,0.0,0
1.7342895898174455,1.1151143264814503,1.0551344807462073,0.1192836816579522,-1.22593965816315,-0.7703975381852631,-1.2294652261172716,-1.463893882132426,0.0,0.0,0.0,0.0,0.0,0.0,0.0,1.0,0
-1.5033593253575168,1.1151143264814503,0.8862495485996158,-0.07958092215975332,-0.007614532038280543,-0.7703975381852631,-1.5848019966713962,-0.7566519668732129,0.0,0.0,0.0,1.0,1.0,0.0,1.0,0.0,0
-0.842614648791198,0.7314190743588007,1.2196663632498732,0.8063481240854975,-1.22593965816315,-0.7703975381852631,0.6893533348750019,0.3284315195518812,0.0,1.0,0.0,0.0,0.0,0.0,0.0,1.0,0
0.2806513013715441,1.1151143264814503,1.2090449221211361,0.3005155923938748,-1.22593965816315,-0.7703975381852631,1.4710942300940764,-0.3109926778057635,1.0,0.0,1.0,0.0,0.0,1.0,0.0,1.0,0
-1.0408380517610936,-1.5707524383770965,-1.2735729562329867,0.9993569434258773,-0.007614532038280543,-0.7703975381852631,0.8314880430966518,-0.06878654244301931,1.0,1.0,0.0,0.0,1.0,0.0,1.0,0.0,0
1.7342895898174455,0.7314190743588007,0.04324465175019813,-0.7768000474035007,1.210710594086589,-0.7703975381852631,1.6132289383157261,-1.250752483013211,0.0,0.0,0.0,1.0,0.0,0.0,1.0,0.0,0
-1.1069125194177254,-1.5707524383770965,-1.4594950549820416,-0.7520520917671223,1.210710594086589,0.8643982988126429,1.6132289383157261,0.9097262444224673,0.0,0.0,0.0,0.0,1.0,0.0,0.0,1.0,0
-1.305135922387621,-0.8033619341317975,-0.714815504067125,-0.00586427863180069,-1.22593965816315,-0.7703975381852631,1.3289595218724264,-0.6597695127281152,1.0,1.0,0.0,0.0,0.0,1.0,0.0,1.0,0
1.2056938485643904,0.7314190743588007,-0.6726913775225116,-1.7402579677791041,1.210710594086589,2.4991941358105487,-1.5848019966713962,-0.9988581022359571,1.0,0.0,1.0,0.0,0.0,1.0,0.0,1.0,0
-1.5694337930141486,1.4988095786040998,1.058241888491311,-0.23963502571088735,-0.007614532038280543,0.8643982988126429,-1.3005325802280965,-0.9019756480908594,1.0,0.0,0.0,1.0,0.0,0.0,1.0,0.0,0
1.2056938485643904,1.4988095786040998,1.5431046487186564,0.26786128878763993,1.210710594086589,0.8643982988126429,1.1868248136507764,1.7041623684122684,0.0,0.0,0.0,1.0,0.0,0.0,0.0,0.0,0
-0.6443912458213022,0.7314190743588007,1.2307565943401564,0.8212726013374437,-0.007614532038280543,-0.7703975381852631,-1.3715999343389216,-0.4660046044379198,0.0,0.0,0.0,0.0,1.0,0.0,0.0,0.0,0
-0.842614648791198,-0.4196666820091479,-0.6250489234305595,-0.5780593636112873,1.210710594086589,0.8643982988126429,-1.6558693507822213,1.1131793981271725,0.0,1.0,0.0,0.0,0.0,1.0,0.0,1.0,0
1.469991719190918,-0.8033619341317975,-1.1277792781922502,-1.302587458351575,-0.007614532038280543,0.8643982988126429,-1.798004059003871,-0.6016400402410566,1.0,0.0,1.0,0.0,0.0,1.0,1.0,0.0,0
-0.842614648791198,-0.4196666820091479,-1.3019816279026608,-2.1722566951914004,-1.22593965816315,-0.7703975381852631,-1.5848019966713962,1.5394621963656023,1.0,1.0,0.0,0.0,0.0,0.0,0.0,0.0,0
-0.247944439881511,-1.187057186254447,-1.2181485887793746,-0.8093977733819351,1.210710594086589,-0.7703975381852631,-1.798004059003871,1.2100618522722701,1.0,0.0,1.0,0.0,0.0,1.0,0.0,0.0,0
-0.44616784285140665,-0.035971429886498395,0.4329296557848502,0.9027588051545891,1.210710594086589,2.4991941358105487,1.4000268759832513,1.0744264164691335,0.0,0.0,0.0,0.0,0.0,1.0,0.0,1.0,0
0.01635343074501654,-1.5707524383770965,-1.4676252123151354,-0.8286391737037371,-0.007614532038280543,0.8643982988126429,1.1157574595399515,1.6363446505107,0.0,0.0,0.0,1.0,0.0,1.0,0.0,0.0,0
-0.776540181134566,1.4988095786040998,2.3412262552497913,1.103239476310797,1.210710594086589,0.8643982988126429,0.8314880430966518,-0.9891698568214473,1.0,0.0,0.0,0.0,1.0,0.0,0.0,0.0,0
0.346725769028176,-0.8033619341317975,-0.39603833021599705,0.9951091151581136,1.210710594086589,0.8643982988126429,0.7604206889858268,-0.4660046044379198,1.0,0.0,0.0,1.0,1.0,0.0,0.0,0.0,0
0.21457683371491218,0.7314190743588007,0.4957609046308857,-0.16783451122356802,-1.22593965816315,-0.7703975381852631,-1.0162631637847968,-0.8147814393602715,0.0,1.0,0.0,0.0,1.0,0.0,0.0,0.0,0
1.2717683162210223,1.1151143264814503,0.16620156166420458,-0.9274484958480725,-0.007614532038280543,-0.7703975381852631,1.1157574595399515,-1.3670114279873282,0.0,0.0,0.0,1.0,0.0,1.0,1.0,0.0,0
1.0735449132511268,1.1151143264814503,1.1335831323111678,0.21165817484220972,1.210710594086589,2.4991941358105487,-1.1583978720064467,-0.4660046044379198,0.0,0.0,1.0,0.0,0.0,0.0,0.0,0.0,0
-0.247944439881511,1.4988095786040998,2.0292666268394295,0.7767174691012612,-0.007614532038280543,0.8643982988126429,1.4710942300940764,1.7041623684122684,1.0,0.0,0.0,0.0,0.0,0.0,1.0,0.0,0
-1.2390614547309893,-1.5707524383770965,-1.6610747384467255,-2.6509575005744597,-0.007614532038280543,0.8643982988126429,-1.798004059003871,-1.5995293179355627,1.0,0.0,0.0,1.0,0.0,0.0,0.0,1.0,1
0.7431725749679673,-0.8033619341317975,-1.239485229029158,-1.653348723234259,-0.007614532038280543,-0.7703975381852631,-1.7269367048930462,0.9969204531530552,0.0,0.0,0.0,1.0,1.0,0.0,1.0,0.0,0
1.5360661868475498,-1.187057186254447,-1.0192878870916562,0.12724835966000983,-1.22593965816315,-0.7703975381852631,-1.0162631637847968,1.6557211413397195,1.0,1.0,0.0,0.0,0.0,1.0,0.0,1.0,0
1.0074704455944947,0.7314190743588007,-0.31977290047194984,-1.2653243311709927,1.210710594086589,0.8643982988126429,0.9025553972074768,-0.7275872306296836,0.0,1.0,0.0,0.0,1.0,0.0,1.0,0.0,0
0.08242789840164842,-0.4196666820091479,-0.6913492179920336,-0.7341985957308275,-0.007614532038280543,-0.7703975381852631,1.5421615842049012,0.1152901204326663,1.0,1.0,0.0,0.0,1.0,0.0,0.0,0.0,1
0.346725769028176,0.7314190743588007,0.5430551147514038,-0.10418918613103172,-0.007614532038280543,-0.7703975381852631,0.6893533348750019,-1.386387918816348,1.0,0.0,1.0,0.0,0.0,0.0,0.0,0.0,0
-1.305135922387621,1.1151143264814503,-0.07553333050660041,-1.2120950474938768,-0.007614532038280543,0.8643982988126429,-1.3715999343389216,-1.4154526550598772,1.0,1.0,0.0,0.0,0.0,0.0,1.0,0.0,0
-0.6443912458213022,-0.035971429886498395,-0.05778628196236744,-0.021762091356699213,-1.22593965816315,-0.7703975381852631,0.8314880430966518,0.8903497535934478,0.0,0.0,0.0,1.0,0.0,1.0,0.0,1.0,1
0.8092470426245991,-1.5707524383770965,-1.6395907642090277,-2.448575821124163,-1.22593965816315,-0.7703975381852631,-0.09238756034407247,0.26061380165031284,1.0,0.0,1.0,0.0,1.0,0.0,0.0,1.0,0
0.8092470426245991,1.4988095786040998,0.7850846748980373,-0.5255433085253346,1.210710594086589,0.8643982988126429,-1.6558693507822213,-1.502646863790465,0.0,1.0,0.0,0.0,0.0,1.0,0.0,1.0,0
1.6021406545041816,-0.8033619341317975,-0.751006089098459,-0.11950419922089088,-1.22593965816315,-0.7703975381852631,0.04974714787757741,1.471644478464034,1.0,0.0,0.0,1.0,1.0,0.0,1.0,0.0,0
0.41280023668480786,-0.4196666820091479,-0.6453274377671397,-0.6258158883444153,-1.22593965816315,-0.7703975381852631,-0.16345491445489743,-0.41756337736537097,0.0,0.0,1.0,0.0,0.0,1.0,1.0,0.0,0
0.47887470434143975,-0.8033619341317975,-0.294726122526504,1.3132336004785725,-1.22593965816315,-0.7703975381852631,0.04974714787757741,1.2294383431012896,0.0,0.0,0.0,1.0,1.0,0.0,0.0,0.0,0
1.5360661868475498,1.4988095786040998,0.8519475174133664,-0.4555592863712833,-0.007614532038280543,0.8643982988126429,-1.4426672884497465,-0.25286320531870493,0.0,1.0,0.0,0.0,0.0,1.0,0.0,0.0,0
-0.5783167781646704,-1.5707524383770965,-1.3548075595694191,0.2341169896440503,1.210710594086589,-0.7703975381852631,-0.09238756034407247,-0.7275872306296836,0.0,1.0,0.0,0.0,1.0,0.0,0.0,0.0,0
0.47887470434143975,0.7314190743588007,0.5945014645313272,-0.034956194434506385,1.210710594086589,0.8643982988126429,1.1868248136507764,-0.2625514507332147,0.0,0.0,1.0,0.0,1.0,0.0,0.0,1.0,0
-0.9747635841044617,0.7314190743588007,0.6799551775216716,0.08004158922179005,-1.22593965816315,-0.7703975381852631,0.3340165643208772,0.1152901204326663,1.0,0.0,0.0,0.0,0.0,0.0,1.0,0.0,0
-0.842614648791198,0.3477238222361511,-0.13673051148667628,-0.6654552758926086,-1.22593965816315,-0.7703975381852631,1.2578921677616015,-0.5628870585830175,1.0,0.0,0.0,1.0,1.0,0.0,0.0,0.0,0
0.2806513013715441,1.1151143264814503,0.6970459201197408,-0.30237110326284633,-0.007614532038280543,-0.7703975381852631,-1.2294652261172716,0.5318846732565864,0.0,0.0,0.0,1.0,0.0,0.0,0.0,0.0,0
-1.6355082606707805,-0.4196666820091479,-0.1850024835269896,0.4582635317534352,-1.22593965816315,-0.7703975381852631,0.9025553972074768,-0.960105120577918,0.0,0.0,0.0,0.0,0.0,1.0,0.0,0.0,1
0.2806513013715441,0.7314190743588007,0.35966448179469596,-0.3509838027175535,-1.22593965816315,-0.7703975381852631,0.1918818560992273,-1.5801528271065433,0.0,0.0,0.0,0.0,0.0,0.0,0.0,1.0,1
0.08242789840164842,1.4988095786040998,1.0448344955911015,-0.25366828015323645,-0.007614532038280543,0.8643982988126429,-0.8741284555631469,-0.9310403843343887,1.0,0.0,0.0,1.0,1.0,0.0,0.0,0.0,0
0.9413959779378629,0.3477238222361511,0.6687042184445732,0.5990937590267763,-0.007614532038280543,0.8643982988126429,0.6893533348750019,-1.2023112559406623,0.0,0.0,1.0,0.0,0.0,0.0,1.0,0.0,0
-0.1818699722248791,-0.8033619341317975,-0.192797790887551,1.6332927402576158,-0.007614532038280543,0.8643982988126429,0.1918818560992273,-0.35943390487831234,1.0,0.0,0.0,0.0,0.0,0.0,0.0,1.0,0
-0.38009337519477476,1.4988095786040998,1.5857243532226182,0.3124704952167648,1.210710594086589,2.4991941358105487,1.1868248136507764,1.3941385151479557,0.0,1.0,0.0,0.0,0.0,1.0,0.0,1.0,0
-1.305135922387621,-1.187057186254447,-0.6948986277008802,1.6551417183279464,-0.007614532038280543,0.8643982988126429,1.0446901054291267,0.9775439623240357,1.0,0.0,1.0,0.0,0.0,0.0,0.0,1.0,1
0.7431725749679673,-0.035971429886498395,0.8725742757213804,1.7310600827451805,-1.22593965816315,-0.7703975381852631,0.8314880430966518,1.597591668852661,0.0,0.0,0.0,0.0,0.0,1.0,0.0,0.0,1
-0.38009337519477476,-1.5707524383770965,-1.5019004555035822,-1.1515161797594167,-1.22593965816315,-0.7703975381852631,-0.3055896226765473,0.5997023911581547,1.0,1.0,0.0,0.0,0.0,1.0,1.0,0.0,1
0.7431725749679673,-0.035971429886498395,0.24564136914786167,0.5499030665319571,-1.22593965816315,-0.7703975381852631,-1.0162631637847968,0.2703020470648226,1.0,1.0,0.0,0.0,0.0,0.0,0.0,0.0,1
-1.305135922387621,1.1151143264814503,1.7488766538394498,0.9361757551560917,1.210710594086589,0.8643982988126429,0.9736227513183017,0.4253139736969789,0.0,0.0,0.0,1.0,1.0,0.0,0.0,1.0,0
0.21457683371491218,-1.5707524383770965,-1.2331498675488395,1.380147410122259,-1.22593965816315,-0.7703975381852631,1.6132289383157261,1.3360090426608973,0.0,0.0,1.0,0.0,0.0,1.0,1.0,0.0,0
-0.842614648791198,-1.187057186254447,-0.6286251211372087,1.9672940094501625,-1.22593965816315,-0.7703975381852631,-0.021320206233247534,-0.35943390487831234,0.0,0.0,0.0,0.0,0.0,0.0,0.0,1.0,0
0.08242789840164842,-0.035971429886498395,0.946067147692857,1.8695224611920358,-0.007614532038280543,0.8643982988126429,1.4000268759832513,1.1228676435416822,0.0,1.0,0.0,0.0,0.0,1.0,0.0,0.0,0
1.6021406545041816,-1.5707524383770965,-1.243610580690761,1.2816062058512603,-0.007614532038280543,-0.7703975381852631,0.12081450198840235,0.2799902924793324,1.0,0.0,0.0,1.0,0.0,0.0,1.0,0.0,0
-0.38009337519477476,-1.5707524383770965,-1.6138207103229114,-2.205818744277298,1.210710594086589,0.8643982988126429,-0.37665697678737226,0.6384553728161938,1.0,0.0,0.0,0.0,0.0,0.0,0.0,1.0,0
-0.842614648791198,-1.5707524383770965,-1.3349174712009768,0.42148406818749884,-0.007614532038280543,-0.7703975381852631,0.04974714787757741,-1.2895054646712503,1.0,1.0,0.0,0.0,1.0,0.0,0.0,0.0,0
0.8753215102812311,-0.4196666820091479,-0.4547978033960348,-0.1771127414958377,1.210710594086589,-0.7703975381852631,0.4761512725425271,-1.1248052926245842,1.0,0.0,0.0,1.0,0.0,0.0,0.0,1.0,1
-1.1729869870743574,1.4988095786040998,1.758131907080254,0.49292609080309274,-1.22593965816315,-0.7703975381852631,0.1918818560992273,-0.23348671448968536,1.0,1.0,0.0,0.0,0.0,1.0,0.0,0.0,0
-0.5783167781646704,0.7314190743588007,0.7550419353624036,0.18108823109909328,1.210710594086589,0.8643982988126429,-0.16345491445489743,0.9291027352514869,1.0,0.0,0.0,1.0,0.0,1.0,0.0,0.0,1
0.2806513013715441,-0.8033619341317975,-0.7808881006472769,-0.21333494046228962,-0.007614532038280543,0.8643982988126429,0.4050839184317021,0.1443548566761956,0.0,0.0,0.0,1.0,1.0,0.0,0.0,1.0,0
-1.6355082606707805,-1.5707524383770965,-1.1846501975272035,1.837020266287799,-1.22593965816315,-0.7703975381852631,-1.4426672884497465,-1.3670114279873282,1.0,0.0,1.0,0.0,0.0,1.0,0.0,1.0,0
-0.11579550456824722,0.7314190743588007,0.3448775070076521,-0.3708831057201477,1.210710594086589,0.8643982988126429,0.04974714787757741,0.8806615081789381,1.0,0.0,0.0,0.0,1.0,0.0,0.0,0.0,0
-0.6443912458213022,0.3477238222361511,0.21683087751114838,-0.11035664824823102,-1.22593965816315,-0.7703975381852631,-0.731993747341497,-0.7760284577022324,1.0,0.0,0.0,1.0,0.0,0.0,0.0,1.0,0
-0.9747635841044617,0.7314190743588007,0.34888231267914316,-0.3654937111569451,-1.22593965816315,-0.7703975381852631,0.6893533348750019,0.20248432916325423,0.0,1.0,0.0,0.0,0.0,0.0,1.0,0.0,0
-1.437284857700885,-1.187057186254447,-1.1787032620150228,-0.6236078587992904,-0.007614532038280543,-0.7703975381852631,1.4710942300940764,1.0356734348110943,1.0,0.0,0.0,0.0,0.0,0.0,0.0,1.0,0
-1.437284857700885,-0.035971429886498395,0.001549133170426798,0.09002729018504889,1.210710594086589,0.8643982988126429,0.26294921021005224,0.2896785378938421,0.0,0.0,0.0,0.0,1.0,0.0,0.0,1.0,0
-0.5783167781646704,-0.035971429886498395,-0.9881334456472142,-1.7745590308352064,-1.22593965816315,-0.7703975381852631,-0.8030611014523219,-0.1559807511736072,1.0,0.0,0.0,0.0,0.0,1.0,0.0,1.0,0
1.5360661868475498,-0.8033619341317975,-1.1078490078271042,-1.240005592386895,-1.22593965816315,-0.7703975381852631,-1.3005325802280965,-1.2798172192567403,1.0,0.0,1.0,0.0,0.0,1.0,0.0,0.0,0
-1.0408380517610936,-0.8033619341317975,-0.9240297669055545,-0.6628056404384587,-0.007614532038280543,0.8643982988126429,0.3340165643208772,0.5706376549146255,0.0,0.0,0.0,1.0,0.0,0.0,0.0,1.0,1
-0.3140189075381429,-0.035971429886498395,0.18373430622601652,0.4332686373026217,-1.22593965816315,-0.7703975381852631,-1.2294652261172716,1.3747620243189362,1.0,0.0,0.0,1.0,0.0,1.0,0.0,0.0,1
0.8092470426245991,-0.4196666820091479,-0.4321485512539232,-0.12377305634146557,-1.22593965816315,-0.7703975381852631,1.1157574595399515,0.21217257457776398,1.0,0.0,0.0,1.0,1.0,0.0,1.0,0.0,0
1.5360661868475498,-0.4196666820091479,-0.2595400874127682,0.28272518291601245,-1.22593965816315,-0.7703975381852631,-0.37665697678737226,0.7062730907177622,0.0,0.0,0.0,1.0,1.0,0.0,1.0,0.0,0
-0.5122423105080385,0.7314190743588007,0.289279017568323,-0.4457037640206628,1.210710594086589,0.8643982988126429,0.9025553972074768,-1.2313759921841916,0.0,1.0,0.0,0.0,1.0,0.0,1.0,0.0,0
-1.0408380517610936,-1.5707524383770965,-1.2518211020172627,1.2042620852134598,-0.007614532038280543,0.8643982988126429,0.9025553972074768,1.0259851893965846,1.0,0.0,0.0,1.0,1.0,0.0,0.0,1.0,0
1.2717683162210223,1.4988095786040998,1.7434119022877161,0.47751895131044353,1.210710594086589,0.8643982988126429,1.1868248136507764,-1.0569875747230157,1.0,0.0,0.0,0.0,0.0,1.0,0.0,1.0,0
-0.6443912458213022,0.3477238222361511,0.9782663210516015,1.0851126051879638,-1.22593965816315,-0.7703975381852631,-0.4477243308981972,-0.1559807511736072,0.0,0.0,0.0,1.0,1.0,0.0,1.0,0.0,0
0.8753215102812311,0.3477238222361511,0.23412253009273698,-0.08320839926960115,1.210710594086589,0.8643982988126429,-0.021320206233247534,-1.5220233546194846,0.0,0.0,0.0,1.0,0.0,1.0,0.0,1.0,0
-0.7104657134779342,-0.8033619341317975,-0.5637579844581746,0.4684625253666301,-1.22593965816315,-0.7703975381852631,0.8314880430966518,-1.047299329308506,0.0,0.0,0.0,1.0,0.0,0.0,1.0,0.0,0
0.5449491719980716,-1.5707524383770965,-1.6690843497897077,-2.726409024459296,-1.22593965816315,-0.7703975381852631,1.1868248136507764,0.31874327413737147,0.0,0.0,0.0,1.0,0.0,1.0,0.0,0.0,0
-1.371210390044253,-0.035971429886498395,-0.4100484530667652,-0.6854326860627852,-0.007614532038280543,0.8643982988126429,-0.8741284555631469,0.4253139736969789,1.0,0.0,1.0,0.0,1.0,0.0,1.0,0.0,0
-0.5783167781646704,-1.5707524383770965,-1.3308189075371766,0.46009304194796696,-1.22593965816315,-0.7703975381852631,1.5421615842049012,-1.3185702009147795,1.0,0.0,0.0,0.0,0.0,1.0,1.0,0.0,0
0.7431725749679673,0.3477238222361511,0.36776785112998717,0.1266174940756883,1.210710594086589,2.4991941358105487,1.0446901054291267,1.3941385151479557,0.0,0.0,1.0,0.0,0.0,0.0,1.0,0.0,0
-1.1729869870743574,-0.8033619341317975,-0.421393170136173,0.9154938784167561,1.210710594086589,0.8643982988126429,-0.37665697678737226,0.6190788819871743,1.0,0.0,0.0,0.0,0.0,0.0,0.0,0.0,0
-0.11579550456824722,-0.4196666820091479,-0.34538222637125054,0.08056430642022791,1.210710594086589,2.4991941358105487,-0.5187916850090222,0.8806615081789381,0.0,0.0,0.0,1.0,0.0,0.0,1.0,0.0,1
0.1485023660582803,-0.8033619341317975,-0.8285707367359332,-0.36306037247456296,1.210710594086589,-0.7703975381852631,-0.8741284555631469,-0.7275872306296836,0.0,0.0,0.0,1.0,0.0,1.0,1.0,0.0,0
1.4039172515342861,1.4988095786040998,1.4329925837510047,0.15260915614972898,1.210710594086589,0.8643982988126429,-1.2294652261172716,1.093802907298153,1.0,0.0,0.0,0.0,1.0,0.0,1.0,0.0,0
-1.1729869870743574,-1.5707524383770965,-1.426411877695811,-0.4404044931123634,-0.007614532038280543,0.8643982988126429,1.1157574595399515,-0.06878654244301931,0.0,0.0,0.0,0.0,1.0,0.0,0.0,0.0,1
-0.1818699722248791,0.7314190743588007,1.096709453335867,0.6408810936834922,-1.22593965816315,-0.7703975381852631,-1.5848019966713962,0.47375520076952776,0.0,0.0,1.0,0.0,0.0,1.0,0.0,0.0,1
0.6110236396547035,-1.5707524383770965,-1.404003717533923,-0.22931686859843128,-1.22593965816315,-0.7703975381852631,-0.23452226856572236,0.6481436182307035,1.0,0.0,1.0,0.0,1.0,0.0,1.0,0.0,0
0.346725769028176,-1.187057186254447,-1.25210237599419,-0.9693221990074037,-0.007614532038280543,-0.7703975381852631,-0.3055896226765473,1.6266564050961902,1.0,1.0,0.0,0.0,1.0,0.0,1.0,0.0,0
-0.5783167781646704,-0.4196666820091479,0.02413141531803178,0.9507802934331319,-0.007614532038280543,0.8643982988126429,-0.4477243308981972,0.6772083544742329,0.0,1.0,0.0,0.0,0.0,1.0,1.0,0.0,0
0.1485023660582803,0.3477238222361511,-0.7102347564428777,-1.5658686955416952,1.210710594086589,2.4991941358105487,-0.5187916850090222,1.006608698567565,1.0,0.0,1.0,0.0,0.0,0.0,0.0,1.0,1
1.469991719190918,-1.187057186254447,-1.3326940673833596,-1.3489140210935748,-1.22593965816315,-0.7703975381852631,-0.5187916850090222,-1.0182345930649765,1.0,1.0,0.0,0.0,1.0,0.0,0.0,0.0,1
1.469991719190918,-0.8033619341317975,-0.23239045163981709,1.5089701624406842,-1.22593965816315,-0.7703975381852631,-0.23452226856572236,-1.1054288017955645,1.0,0.0,1.0,0.0,0.0,0.0,0.0,0.0,0
1.6682151221608137,-1.5707524383770965,-1.6373003903969041,-2.4270002181403716,-1.22593965816315,-0.7703975381852631,0.3340165643208772,-1.0279228384794865,1.0,0.0,1.0,0.0,1.0,0.0,0.0,1.0,0
-0.9086891164478298,0.3477238222361511,0.6842546511689914,0.6235082571400136,-1.22593965816315,-0.7703975381852631,1.4000268759832513,-0.6791460035571347,1.0,0.0,1.0,0.0,0.0,0.0,0.0,0.0,0
-0.11579550456824722,0.7314190743588007,0.8213690179216803,0.27034669891507773,-1.22593965816315,-0.7703975381852631,-0.5187916850090222,-0.6985224943861543,1.0,1.0,0.0,0.0,0.0,0.0,0.0,0.0,1
-0.7104657134779342,-1.187057186254447,-0.9661404994512665,0.3775758235187309,-1.22593965816315,-0.7703975381852631,1.2578921677616015,1.3263207972463873,0.0,0.0,0.0,0.0,1.0,0.0,1.0,0.0,0
0.9413959779378629,-0.8033619341317975,-0.6785445550423834,0.10802798819101818,1.210710594086589,-0.7703975381852631,-0.4477243308981972,1.4135150059769752,1.0,0.0,0.0,1.0,1.0,0.0,1.0,0.0,0
0.346725769028176,0.7314190743588007,0.24987387280067508,-0.49873252256561945,-0.007614532038280543,0.8643982988126429,-0.021320206233247534,-0.6985224943861543,0.0,1.0,0.0,0.0,0.0,1.0,0.0,0.0,0
0.08242789840164842,0.7314190743588007,0.5790715777970206,-0.055720684524169624,-0.007614532038280543,-0.7703975381852631,-1.4426672884497465,0.4543787099405082,0.0,0.0,0.0,1.0,1.0,0.0,0.0,1.0,1
0.6110236396547035,1.1151143264814503,1.0722654053409801,0.1394556087166281,-0.007614532038280543,0.8643982988126429,0.12081450198840235,0.590014145743645,0.0,0.0,0.0,1.0,1.0,0.0,1.0,0.0,0
-0.5122423105080385,-1.5707524383770965,-1.330711755545966,0.46110242688288094,-1.22593965816315,-0.7703975381852631,1.0446901054291267,-0.7857167031167421,1.0,0.0,0.0,0.0,0.0,1.0,0.0,1.0,0
0.6770981073113354,0.3477238222361511,-0.4898632925196588,-1.2198809802470427,-0.007614532038280543,-0.7703975381852631,-1.5848019966713962,0.13466661126168583,1.0,1.0,0.0,0.0,0.0,0.0,0.0,0.0,1
-1.1729869870743574,-0.035971429886498395,0.15584800051349385,0.3807301514403385,1.210710594086589,0.8643982988126429,1.6132289383157261,0.5415729186710961,0.0,0.0,0.0,1.0,0.0,1.0,0.0,0.0,0
1.337842783877654,1.1151143264814503,-0.20345941401299214,-1.3627299773902128,-0.007614532038280543,-0.7703975381852631,1.2578921677616015,0.6190788819871743,0.0,0.0,0.0,0.0,0.0,0.0,0.0,1.0,0
1.5360661868475498,-0.035971429886498395,0.6343887932594221,1.2823127753057,1.210710594086589,0.8643982988126429,-1.2294652261172716,1.180997116028741,0.0,0.0,0.0,0.0,0.0,1.0,0.0,1.0,0
0.8092470426245991,0.7314190743588007,0.15224501480904165,-0.6301147866832909,1.210710594086589,-0.7703975381852631,1.6132289383157261,-1.2313759921841916,0.0,0.0,1.0,0.0,1.0,0.0,1.0,0.0,0
-1.371210390044253,0.7314190743588007,0.542063958832707,-0.10552301622359708,-1.22593965816315,-0.7703975381852631,-0.8741284555631469,0.25092555623580304,1.0,1.0,0.0,0.0,1.0,0.0,0.0,0.0,1
-0.776540181134566,1.4988095786040998,1.6932379824034167,0.42500289622449083,1.210710594086589,2.4991941358105487,0.3340165643208772,1.3553855334899167,0.0,0.0,0.0,1.0,0.0,0.0,0.0,1.0,0
0.8092470426245991,0.7314190743588007,0.33682771366796604,-0.3817159690394947,1.210710594086589,2.4991941358105487,0.1918818560992273,-0.21411022366066584,1.0,0.0,0.0,0.0,1.0,0.0,0.0,1.0,1
-0.38009337519477476,-1.5707524383770965,-1.0654168193077607,2.960213352613574,1.210710594086589,0.8643982988126429,1.6132289383157261,0.26061380165031284,0.0,0.0,0.0,1.0,0.0,0.0,0.0,0.0,1
1.2056938485643904,-0.8033619341317975,-0.6396751702307877,0.2300794499043936,-1.22593965816315,-0.7703975381852631,-0.3055896226765473,-0.7275872306296836,1.0,1.0,0.0,0.0,0.0,1.0,0.0,1.0,0
-1.1069125194177254,-1.5707524383770965,-1.2956328724234407,0.791549819950417,-0.007614532038280543,0.8643982988126429,-1.2294652261172716,0.967855716909526,1.0,0.0,1.0,0.0,1.0,0.0,0.0,1.0,0
0.47887470434143975,-1.5707524383770965,-1.6036680591557197,-2.1101795216941777,-1.22593965816315,-0.7703975381852631,-1.0873305178956216,-1.7061000174951702,0.0,0.0,0.0,1.0,0.0,0.0,0.0,1.0,0
-0.5122423105080385,1.4988095786040998,0.6996979319021994,-0.6149159329708628,1.210710594086589,2.4991941358105487,-0.09238756034407247,-0.18504548741713653,0.0,0.0,1.0,0.0,0.0,1.0,0.0,0.0,0
-1.305135922387621,-0.035971429886498395,-0.34682877825259184,-0.5663252637429097,-0.007614532038280543,-0.7703975381852631,0.547218626653352,-0.2625514507332147,0.0,0.0,0.0,0.0,1.0,0.0,0.0,1.0,1
0.7431725749679673,-1.5707524383770965,-1.4086380411537756,-0.2729727670334705,-1.22593965816315,-0.7703975381852631,0.8314880430966518,1.510397460122073,0.0,0.0,1.0,0.0,1.0,0.0,0.0,0.0,0
-1.5694337930141486,-1.187057186254447,-1.1507098043112893,-0.4917569516761232,-1.22593965816315,-0.7703975381852631,-1.5137346425605713,0.9097262444224673,1.0,0.0,0.0,1.0,0.0,0.0,0.0,0.0,0
0.2806513013715441,-1.5707524383770965,-1.3752869838895188,0.04119829395857408,-1.22593965816315,-0.7703975381852631,1.4710942300940764,-0.059098297028509536,1.0,1.0,0.0,0.0,1.0,0.0,0.0,1.0,0
-1.305135922387621,1.4988095786040998,1.4925155148684164,0.214910637410266,-1.22593965816315,-0.7703975381852631,-0.23452226856572236,1.7138506138267782,1.0,0.0,0.0,1.0,0.0,0.0,0.0,1.0,0
-0.5783167781646704,0.3477238222361511,0.5248392762456249,0.3732228509869131,-1.22593965816315,-0.7703975381852631,-0.3055896226765473,-0.3884986411218417,1.0,0.0,0.0,1.0,1.0,0.0,0.0,0.0,0
